CircularSet
15
0 0 0 0 0 0 0 0 0 0 0 0 0 0 0 
ParaSet
15
0.28 0.4 0.25 0.08 0.58 0.28 0.28 0.28 0.18 0.1 0.18 0.18 0.1 0.1 0.1 
SeqSet
15
0 52
175 66 176 65 177 65 178 65 179 65 180 65 181 65 182 65 183 65 184 65 184 66 184 67 185 67 186 67 187 67 188 67 189 67 190 67 191 67 192 67 193 67 194 67 195 67 195 68 196 68 197 68 198 68 199 68 200 68 201 68 202 68 203 68 204 68 205 68 205 69 206 69 207 69 208 69 209 69 209 70 209 71 210 71 211 71 212 71 213 71 214 71 215 71 216 71 217 71 218 71 219 71 219 72 
1 38
175 66 175 65 175 64 176 64 177 64 178 64 179 64 180 64 181 64 182 64 183 64 183 63 183 62 183 61 183 60 183 59 183 58 183 57 184 57 185 57 186 57 186 56 187 56 187 55 188 55 188 54 189 54 190 54 190 53 190 52 191 52 191 51 191 50 191 49 191 48 192 48 193 48 194 48 
2 58
141 84 141 83 140 83 139 83 139 82 139 81 139 80 139 79 140 79 140 78 140 77 141 77 141 76 141 75 141 74 142 74 142 73 143 73 144 73 144 72 145 72 145 71 146 71 146 70 146 69 146 68 146 67 147 67 148 67 149 67 150 67 151 67 152 67 153 67 154 67 155 67 156 67 157 67 158 67 159 67 159 68 160 68 161 68 162 68 163 68 164 68 165 68 166 68 167 68 168 68 168 69 169 69 170 69 171 69 172 69 173 69 174 69 175 67 
3 293
194 48 194 47 194 46 195 46 195 45 196 45 197 45 198 45 198 44 199 44 199 43 200 43 200 42 201 42 201 41 201 40 202 40 203 40 203 39 203 38 204 38 204 37 205 37 205 36 205 35 206 35 206 34 207 34 207 33 207 32 208 32 209 32 209 31 210 31 210 30 210 29 211 29 212 29 212 28 213 28 214 28 214 27 215 27 215 26 216 26 217 26 217 25 218 25 218 24 219 24 219 23 220 23 220 22 221 22 222 22 222 21 222 20 223 20 224 20 225 20 225 19 226 19 227 19 228 19 229 19 230 19 231 19 231 18 232 18 233 18 234 18 235 18 236 18 237 18 238 18 239 18 240 18 241 18 242 18 243 18 244 18 245 18 245 19 246 19 247 19 248 19 248 20 249 20 250 20 251 20 251 21 252 21 253 21 253 22 254 22 255 22 255 23 256 23 257 23 257 24 258 24 258 25 259 25 260 25 260 26 261 26 262 26 263 26 263 27 264 27 264 28 265 28 266 28 267 28 267 29 268 29 268 30 269 30 270 30 270 31 271 31 272 31 273 31 273 32 274 32 275 32 275 33 276 33 277 33 277 34 278 34 279 34 279 35 280 35 280 36 281 36 281 37 282 37 283 37 283 38 284 38 284 39 285 39 286 39 286 40 287 40 287 41 287 42 288 42 289 42 289 43 290 43 290 44 291 44 291 45 292 45 293 45 293 46 294 46 294 47 295 47 295 48 296 48 296 49 296 50 296 51 296 52 297 52 297 53 297 54 298 54 298 55 298 56 298 57 298 58 298 59 298 60 298 61 298 62 298 63 298 64 298 65 297 65 297 66 297 67 296 67 296 68 295 68 295 69 295 70 294 70 294 71 293 71 293 72 292 72 292 73 291 73 291 74 290 74 290 75 290 76 289 76 289 77 289 78 288 78 288 79 287 79 287 80 287 81 286 81 286 82 285 82 284 82 283 82 282 82 281 82 280 82 280 81 279 81 279 80 278 80 277 80 277 79 276 79 276 78 275 78 275 77 274 77 274 76 274 75 273 75 273 74 272 74 272 73 272 72 271 72 271 71 270 71 270 70 269 70 269 69 268 69 268 68 267 68 267 67 266 67 266 66 266 65 265 65 265 64 264 64 263 64 263 63 263 62 262 62 261 62 261 61 260 61 260 60 260 59 259 59 259 58 258 58 257 58 257 57 256 57 255 57 254 57 254 56 253 56 252 56 252 55 251 55 250 55 249 55 249 54 248 54 248 53 247 53 246 53 245 53 244 53 243 53 242 53 241 53 240 53 239 53 239 54 239 55 239 56 239 57 238 57 237 57 
4 34
237 57 237 58 236 58 236 59 235 59 234 59 233 59 232 59 231 59 230 59 229 59 229 60 228 60 228 61 228 62 227 62 226 62 225 62 225 63 224 63 224 64 223 64 223 65 222 65 222 66 222 67 222 68 221 68 221 69 220 69 220 70 220 71 219 71 219 72 
5 64
219 72 218 72 218 73 218 74 218 75 218 76 218 77 218 78 218 79 218 80 218 81 218 82 218 83 218 84 219 84 219 85 220 85 221 85 222 85 222 84 222 83 223 83 224 83 225 83 226 83 227 83 228 83 229 83 229 82 229 81 230 81 231 81 232 81 233 81 234 81 235 81 236 81 236 82 236 83 236 84 235 84 235 85 235 86 235 87 235 88 235 89 235 90 235 91 236 91 236 92 236 93 236 94 236 95 236 96 236 97 236 98 237 98 238 98 238 99 238 100 237 100 237 101 236 101 236 102 
6 67
236 102 235 102 235 103 234 103 233 103 233 104 232 104 231 104 230 104 229 104 228 104 227 104 226 104 225 104 224 104 223 104 223 105 222 105 222 106 221 106 220 106 219 106 219 107 218 107 217 107 217 108 216 108 215 108 214 108 213 108 212 108 212 107 212 106 211 106 210 106 209 106 208 106 207 106 206 106 205 106 204 106 203 106 202 106 202 105 201 105 200 105 199 105 198 105 197 105 197 104 196 104 195 104 194 104 193 104 192 104 191 104 190 104 189 104 188 104 188 105 188 106 187 106 186 106 185 106 184 106 183 106 182 106 
7 64
182 106 181 106 180 106 179 106 178 106 177 106 176 106 175 106 174 106 173 106 172 106 172 105 171 105 171 104 170 104 169 104 169 103 168 103 168 102 167 102 166 102 166 101 165 101 165 100 164 100 163 100 163 99 162 99 162 98 161 98 160 98 160 97 159 97 159 96 158 96 157 96 156 96 155 96 155 95 154 95 154 94 153 94 152 94 151 94 150 94 150 93 149 93 149 92 148 92 148 91 147 91 147 90 147 89 146 89 145 89 145 88 144 88 144 87 144 86 143 86 142 86 142 85 142 84 141 84 
8 91
141 84 140 84 140 83 139 83 138 83 137 83 136 83 135 83 134 83 133 83 133 84 132 84 131 84 130 84 129 84 129 85 129 86 129 87 129 88 128 88 127 88 126 88 125 88 124 88 123 88 122 88 122 89 121 89 120 89 119 89 118 89 117 89 116 89 115 89 114 89 113 89 112 89 111 89 110 89 109 89 108 89 107 89 106 89 105 89 104 89 103 89 102 89 101 89 100 89 99 89 98 89 97 89 96 89 95 89 94 89 93 89 92 89 91 89 90 89 89 89 88 89 87 89 87 88 86 88 85 88 84 88 83 88 82 88 81 88 80 88 79 88 78 88 77 88 76 88 75 88 74 88 73 88 72 88 71 88 70 88 69 88 68 88 67 88 66 88 65 88 64 88 63 88 62 88 61 88 60 88 59 88 
9 213
59 88 59 87 59 86 59 85 59 85 59 84 59 83 59 82 60 82 60 81 60 80 61 80 61 79 61 78 62 78 62 77 62 76 62 75 63 75 63 74 63 73 63 72 64 72 64 71 65 71 65 70 66 70 66 69 67 69 67 68 68 68 68 67 69 67 69 66 69 65 70 65 70 64 70 63 71 63 71 62 72 62 72 61 73 61 73 60 74 60 74 59 74 58 75 58 75 57 76 57 77 57 77 56 78 56 78 55 78 54 79 54 80 54 80 53 81 53 81 52 82 52 82 51 83 51 83 50 84 50 84 49 85 49 85 48 86 48 86 47 87 47 87 46 88 46 88 45 89 45 90 45 91 45 92 45 92 44 93 44 93 43 94 43 95 43 95 42 96 42 96 41 97 41 97 40 98 40 99 40 100 40 100 39 101 39 102 39 102 38 103 38 104 38 105 38 105 37 106 37 107 37 108 37 109 37 110 37 111 37 112 37 113 37 114 37 115 37 116 37 117 37 118 37 119 37 120 37 121 37 121 38 122 38 123 38 124 38 125 38 126 38 127 38 128 38 128 39 129 39 130 39 131 39 132 39 132 40 133 40 133 41 134 41 135 41 135 42 136 42 137 42 138 42 139 42 140 42 141 42 142 42 142 41 143 41 143 40 144 40 144 39 145 39 146 39 146 38 147 38 147 37 148 37 148 36 149 36 150 36 150 35 151 35 152 35 152 34 153 34 154 34 155 34 156 34 157 34 158 34 159 34 160 34 161 34 161 35 162 35 163 35 164 35 165 35 166 35 167 35 167 36 168 36 169 36 170 36 170 37 171 37 172 37 172 38 173 38 174 38 174 39 175 39 176 39 177 39 177 40 178 40 179 40 179 41 180 41 181 41 181 42 182 42 183 42 183 43 184 43 184 44 185 44 185 45 186 45 187 45 188 45 189 45 189 46 190 46 190 47 191 47 192 47 194 48 
10 105
236 102 236 104 237 104 238 104 239 104 240 104 240 105 241 105 241 106 241 107 242 107 243 107 244 107 245 107 246 107 247 107 248 107 249 107 250 107 251 107 252 107 253 107 253 108 254 108 254 109 255 109 255 110 256 110 257 110 257 111 258 111 258 112 259 112 260 112 260 113 261 113 261 114 262 114 262 115 263 115 263 116 264 116 265 116 265 117 265 118 266 118 267 118 268 118 268 118 268 119 269 119 270 119 271 119 272 119 273 119 274 119 274 120 275 120 275 121 276 121 276 122 277 122 278 122 279 122 279 123 280 123 280 124 280 125 281 125 281 126 282 126 282 127 283 127 284 127 284 128 285 128 286 128 287 128 288 128 289 128 290 128 291 128 292 128 292 129 293 129 294 129 295 129 296 129 297 129 298 129 299 129 300 129 301 129 301 130 301 131 301 132 301 133 301 134 302 134 303 134 304 134 305 134 306 134 307 134 308 134 
11 168
308 134 309 134 309 133 309 132 309 131 308 131 307 131 308 131 309 131 309 130 309 129 309 128 309 127 309 126 309 125 309 124 309 123 309 122 308 122 308 121 308 120 308 119 308 118 307 118 307 117 307 116 307 115 306 115 306 114 306 113 306 112 305 112 305 111 305 110 305 109 304 109 304 108 304 107 304 106 304 105 304 104 304 103 304 102 303 102 303 101 303 100 302 100 302 99 301 99 301 98 300 98 300 97 299 97 299 96 298 96 298 95 298 94 298 93 297 93 297 92 296 92 296 91 295 91 295 90 294 90 294 89 293 89 293 88 292 88 292 87 291 87 291 86 290 86 290 85 289 85 288 85 288 84 287 84 287 83 287 82 286 82 285 82 284 82 283 82 282 82 281 82 280 82 280 83 279 83 278 83 278 84 277 84 276 84 275 84 274 84 274 83 274 82 274 81 273 81 273 80 272 80 272 79 271 79 271 78 270 78 270 77 270 76 270 75 269 75 269 74 268 74 268 73 267 73 267 72 266 72 266 71 265 71 265 70 264 70 264 69 263 69 263 68 262 68 261 68 261 67 260 67 260 66 260 65 259 65 258 65 258 64 257 64 257 63 256 63 255 63 255 62 254 62 253 62 253 61 252 61 251 61 251 60 250 60 249 60 248 60 248 59 247 59 247 58 246 58 245 58 244 58 243 58 243 57 242 57 241 57 240 57 240 56 239 56 239 55 239 54 239 53 238 53 237 53 236 53 235 53 234 53 233 53 233 52 
12 423
153 347 154 348 154 349 154 350 155 350 156 350 156 351 157 351 158 351 158 352 159 352 159 353 160 353 160 354 161 354 162 354 163 354 163 355 164 355 165 355 165 356 166 356 166 357 167 357 167 358 167 359 168 359 169 359 169 360 169 361 170 361 171 361 171 362 171 363 172 363 172 364 172 365 173 365 174 365 174 366 175 366 175 367 176 367 176 368 177 368 178 368 179 368 180 368 180 369 181 369 181 370 182 370 183 370 184 370 184 371 185 371 186 371 186 372 187 372 187 373 188 373 189 373 190 373 191 373 192 373 193 373 194 373 195 373 196 373 197 373 198 373 199 373 200 373 201 373 202 373 203 373 204 373 205 373 206 373 207 373 208 373 209 373 210 373 211 373 212 373 213 373 213 372 214 372 215 372 216 372 217 372 217 371 218 371 219 371 219 370 220 370 220 369 221 369 222 369 222 368 223 368 224 368 225 368 226 368 226 367 227 367 227 366 228 366 229 366 229 365 230 365 231 365 231 364 232 364 233 364 233 363 234 363 234 362 235 362 236 362 236 361 236 360 237 360 237 359 238 359 239 359 239 358 240 358 241 358 241 357 242 357 242 356 243 356 243 355 244 355 245 355 245 354 246 354 247 354 248 354 248 353 248 352 249 352 249 351 250 351 251 351 251 350 252 350 252 349 253 349 253 348 254 348 255 348 255 347 256 347 256 346 257 346 257 345 258 345 258 344 259 344 260 344 260 343 260 342 261 342 261 341 262 341 262 340 263 340 263 339 264 339 265 339 265 338 265 337 266 337 267 337 267 336 267 335 268 335 268 334 269 334 269 333 269 333 270 333 270 332 271 332 271 331 271 330 272 330 272 329 272 328 273 328 274 328 274 327 274 326 275 326 275 325 276 325 276 324 276 323 277 323 277 322 278 322 278 321 279 321 279 320 279 319 280 319 280 318 280 317 281 317 281 316 282 316 282 315 283 315 283 314 283 313 284 313 284 312 284 311 284 310 285 310 285 309 286 309 286 308 286 307 286 306 286 305 287 305 287 304 287 303 287 302 288 302 289 302 289 301 289 300 289 299 290 299 290 298 290 297 291 297 291 296 291 295 292 295 292 294 293 294 293 293 293 292 293 291 294 291 294 290 294 289 295 289 295 288 295 287 296 287 296 286 296 285 296 284 297 284 297 283 297 282 298 282 298 281 298 280 298 279 298 278 298 277 299 277 299 276 299 275 299 274 299 273 299 272 300 272 300 271 301 271 301 270 301 269 301 268 302 268 302 267 302 266 302 265 303 265 303 264 303 263 303 262 303 261 303 260 304 260 304 259 304 258 304 257 304 256 304 255 304 254 304 253 304 252 305 252 305 251 305 250 305 249 305 248 305 247 306 247 306 246 306 245 306 244 306 243 306 242 306 241 306 240 306 239 306 238 306 237 306 236 306 235 307 235 307 234 307 233 307 232 307 231 307 230 307 229 307 228 307 227 307 226 307 225 307 224 307 223 307 222 307 221 307 220 307 219 307 218 307 217 307 216 307 215 307 214 307 213 307 212 307 211 307 210 307 209 307 208 307 207 307 206 307 205 307 204 307 203 307 202 307 201 307 200 307 199 307 198 307 197 307 196 307 195 307 194 307 193 307 192 307 191 307 190 307 189 307 188 307 187 308 187 308 186 308 185 308 184 309 184 309 183 309 182 309 181 309 180 309 179 309 178 309 177 309 176 309 175 309 174 309 173 309 172 309 171 309 170 309 169 309 168 309 167 309 166 309 165 309 164 309 163 309 162 309 161 309 160 309 159 309 158 309 157 309 156 309 155 309 154 309 153 309 152 309 151 309 150 309 149 309 148 309 147 309 146 309 145 309 144 309 143 309 142 309 141 309 140 309 139 309 138 309 137 309 136 309 135 309 134 308 134 
13 424
59 88 58 89 57 89 57 90 56 90 56 91 56 92 56 93 56 94 56 95 55 95 55 96 54 96 54 97 54 98 53 98 53 99 53 100 52 100 52 101 52 102 51 102 51 103 51 104 51 105 50 105 50 106 50 107 50 108 50 109 49 109 49 110 48 110 48 111 48 112 48 113 48 114 48 115 47 115 47 116 47 117 47 118 46 118 46 119 46 120 46 121 46 122 45 122 45 123 45 124 45 125 45 126 45 127 44 127 44 128 44 129 44 130 44 131 44 132 44 133 44 134 44 135 44 136 43 136 43 137 43 138 42 138 42 139 42 140 42 141 42 142 42 143 42 144 42 145 42 146 42 147 42 148 41 148 41 149 41 150 41 151 41 152 41 153 40 153 40 154 40 155 40 156 40 157 39 157 39 158 39 159 39 160 39 161 39 162 39 163 39 164 39 165 38 165 38 166 38 167 38 168 38 169 38 170 38 171 37 171 37 172 37 173 37 174 37 175 37 176 37 177 37 178 36 178 36 179 36 180 36 181 36 182 36 183 36 184 36 185 36 186 36 187 35 187 35 188 35 189 35 190 35 191 34 191 34 191 35 191 35 192 35 193 35 194 35 195 35 196 35 197 35 198 35 199 35 200 35 201 35 202 35 203 35 204 35 205 35 206 35 207 35 208 35 209 35 210 35 211 35 212 35 213 35 214 35 215 35 216 35 217 35 218 35 219 35 220 35 221 35 222 35 223 35 224 35 225 35 226 35 227 35 228 35 229 35 230 35 231 35 232 35 233 35 234 35 235 35 236 35 237 35 238 35 239 35 240 35 241 35 242 36 242 36 243 36 244 36 245 36 246 37 246 37 247 37 248 37 249 37 250 37 251 37 252 37 253 37 254 38 254 38 255 38 256 38 257 39 257 39 258 39 259 39 260 39 261 39 262 39 263 40 263 40 264 40 265 41 265 41 266 41 267 42 267 42 268 42 269 42 270 43 270 43 271 43 272 43 273 44 273 44 274 44 275 44 276 44 277 44 278 44 279 45 279 45 280 45 281 45 282 46 282 46 283 46 284 46 285 47 285 47 286 47 287 48 287 48 288 48 289 48 290 49 290 49 291 50 291 50 292 50 293 50 294 51 294 51 295 51 296 51 297 52 297 52 298 52 299 53 299 53 300 53 301 54 301 54 302 55 302 55 303 56 303 56 304 56 305 56 306 56 307 57 307 57 308 57 309 57 310 58 310 58 311 59 311 59 312 59 313 60 313 60 314 61 314 61 315 61 316 62 316 63 316 63 317 63 318 64 318 64 319 64 320 65 320 65 321 66 321 66 322 67 322 67 323 68 323 68 324 68 325 69 325 69 326 69 327 70 327 70 328 71 328 71 329 72 329 72 330 73 330 73 331 74 331 74 332 75 332 75 333 76 333 77 333 77 334 77 335 78 335 79 335 79 336 80 336 80 337 81 337 82 337 82 338 82 339 83 339 83 340 84 340 84 341 85 341 86 341 86 342 87 342 88 342 89 342 89 343 90 343 90 344 90 345 91 345 92 345 92 346 93 346 93 347 94 347 95 347 95 348 95 349 96 349 96 350 97 350 98 350 98 351 99 351 100 351 100 352 101 352 102 352 102 353 103 353 104 353 104 354 105 354 106 354 107 354 107 355 108 355 109 355 110 355 110 356 111 356 112 356 113 356 113 357 114 357 115 357 116 357 117 357 118 357 119 357 120 357 121 357 122 357 123 357 124 357 125 357 126 357 127 357 128 357 129 357 129 356 130 356 131 356 132 356 132 355 133 355 134 355 135 355 136 355 136 354 137 354 138 354 139 354 140 354 141 354 142 354 142 353 143 353 144 353 144 352 145 352 146 352 146 351 147 351 147 350 148 350 149 350 150 350 150 349 151 349 152 349 153 349 153 348 153 347 
14 280
153 347 153 346 153 345 153 344 153 343 153 342 154 342 154 341 154 340 154 339 154 338 154 337 154 336 154 335 154 334 154 333 154 332 154 331 154 330 154 329 154 328 154 327 154 326 154 325 154 324 154 323 154 322 154 321 154 320 154 319 154 318 154 317 154 316 154 315 154 314 154 313 154 312 154 311 154 310 154 309 154 308 154 307 154 306 154 305 154 304 154 303 154 302 154 301 154 300 154 299 154 298 154 297 154 296 154 295 154 294 154 293 154 292 154 291 154 290 154 289 154 288 154 287 154 286 154 285 154 284 154 283 154 282 155 282 156 282 157 282 158 282 158 281 159 281 159 280 159 279 159 278 159 277 159 276 159 275 159 274 159 273 159 272 159 271 160 271 161 271 162 271 162 270 162 269 162 268 162 267 162 266 162 265 162 264 162 263 163 263 163 262 163 261 164 261 164 260 164 259 164 258 164 257 164 256 164 255 164 254 164 253 164 252 164 251 165 251 165 250 165 249 165 248 166 248 167 248 168 248 169 248 170 248 171 248 171 247 171 246 171 245 171 244 171 243 171 242 171 241 171 240 172 240 172 239 172 238 172 237 172 236 172 235 172 234 172 233 172 232 172 231 172 230 172 229 172 228 172 227 172 226 172 225 172 224 172 223 172 222 172 221 172 220 172 219 172 218 172 217 172 216 172 215 173 215 174 215 175 215 176 215 176 214 176 213 176 212 176 211 176 210 176 209 176 208 176 207 176 206 176 205 176 204 176 203 176 202 176 201 176 200 177 200 177 199 178 199 179 199 180 199 181 199 181 198 181 197 181 196 181 195 181 194 181 193 181 192 181 191 181 190 181 189 181 188 181 187 181 186 181 185 181 184 181 183 181 182 181 181 181 180 181 179 181 178 181 177 181 176 181 175 181 174 181 173 181 172 181 171 181 170 181 169 181 168 181 167 181 166 182 166 183 166 183 165 183 164 183 163 183 162 183 161 183 160 183 159 183 158 183 157 183 156 183 155 183 154 183 153 183 152 183 151 183 150 183 149 183 148 183 147 183 146 183 145 183 144 183 143 183 142 183 141 182 141 182 140 182 139 183 139 183 138 183 137 184 137 185 137 185 136 185 135 185 134 185 133 185 132 185 131 185 130 185 129 185 128 185 127 185 126 185 125 185 124 185 123 185 122 185 121 185 120 185 119 185 118 185 117 185 116 185 115 185 114 184 114 183 114 183 113 183 112 183 111 183 110 182 110 182 109 182 108 182 107 182 106 182 106 
CtrlSeqSet
15
0 4
175 68 0 187 67 0 200 68 0 219 74 0 
1 3
175 68 0 187 57 0 195 48 0 
2 5
141 85 0 141 74 0 148 67 0 161 68 0 175 68 0 
3 14
195 48 0 205 36 0 217 25 0 233 18 0 253 21 0 268 29 0 283 37 0 295 48 0 297 67 0 287 80 0 273 75 0 263 62 0 248 54 0 236 56 0 
4 3
236 56 0 224 63 0 219 74 0 
5 5
219 74 0 221 85 0 234 81 0 236 94 0 236 102 0 
6 5
236 102 0 222 106 0 208 106 0 192 104 0 181 106 0 
7 5
181 106 0 168 103 0 158 96 0 147 90 0 141 85 0 
8 7
141 85 0 129 86 0 116 89 0 100 89 0 85 88 0 69 88 0 58 88 0 
9 11
58 88 0 63 72 0 73 61 0 83 50 0 96 42 0 112 37 0 131 39 0 141 42 0 157 33 0 177 40 0 195 48 0 
10 7
236 102 0 250 107 0 261 114 0 273 119 0 283 127 0 299 129 0 311 137 0 
11 7
311 137 0 306 112 0 296 92 0 278 84 0 263 69 0 244 58 0 236 56 0 
12 11
153 344 0 176 367 0 212 373 0 239 358 0 263 340 0 281 317 0 295 289 0 304 256 0 309 218 0 310 180 0 311 137 0 
13 11
58 88 0 46 118 0 40 154 0 35 191 0 35 230 0 41 266 0 52 297 0 68 323 0 90 343 0 118 357 0 153 344 0 
14 11
153 344 0 154 320 0 154 292 0 161 271 0 166 248 0 172 226 0 176 202 0 181 179 0 183 153 0 185 129 0 181 106 0 
IfSplit
10
1 1 1 1 1 1 1 1 1 1 
jpt
10
175 68 0 219 74 0 195 48 0 141 85 0 236 56 0 236 102 0 181 106 0 58 88 0 311 137 0 153 344 0 
Seqid
10
1 363 37 192 292 63 66 90 104 423 
splineid
10
0 3
0 1 2 
1 3
0 4 5 
2 3
1 3 9 
3 3
2 7 8 
4 3
3 4 11 
5 3
5 6 10 
6 3
6 7 14 
7 3
8 9 13 
8 3
10 11 12 
9 3
12 13 14 
