CircularSet
12
0 0 0 0 0 0 0 0 0 0 0 0 
ParaSet
12
0.15 0.5 0.55 0.5 0.5 0.25 0.15 0.15 0.35 0.15 0.15 0.05 
SeqSet
12
0 269
239 56 240 56 240 57 241 57 242 57 243 57 243 58 244 58 245 58 246 58 247 58 247 59 248 59 248 60 249 60 250 60 251 60 251 61 252 61 253 61 253 62 254 62 255 62 255 63 256 63 257 63 257 64 258 64 258 65 259 65 260 65 260 66 260 67 261 67 261 68 262 68 263 68 263 69 264 69 264 70 265 70 265 71 266 71 267 71 268 71 269 71 270 71 271 71 271 72 272 72 272 73 272 74 273 74 273 75 274 75 274 76 274 77 275 77 275 78 276 78 276 79 277 79 277 80 278 80 279 80 279 81 280 81 280 82 281 82 282 82 283 82 284 82 285 82 286 82 286 81 287 81 287 80 287 79 288 79 288 78 289 78 289 77 289 76 290 76 290 75 290 74 291 74 291 73 292 73 292 72 293 72 293 71 294 71 294 70 295 70 295 69 295 68 296 68 296 67 297 67 297 66 297 65 298 65 298 64 298 63 298 62 298 61 298 60 298 59 298 58 298 57 298 56 298 55 298 54 297 54 297 53 297 52 296 52 296 51 296 50 296 49 296 48 295 48 295 47 294 47 294 46 293 46 293 45 292 45 291 45 291 44 290 44 290 43 289 43 289 42 288 42 287 42 287 41 287 40 286 40 286 39 285 39 284 39 284 38 283 38 283 37 282 37 281 37 281 36 280 36 280 35 279 35 279 34 278 34 277 34 277 33 276 33 275 33 275 32 274 32 273 32 273 31 272 31 271 31 270 31 270 30 269 30 268 30 268 29 267 29 267 28 266 28 265 28 264 28 264 27 263 27 263 26 262 26 261 26 260 26 260 25 259 25 258 25 258 24 257 24 257 23 256 23 255 23 255 22 254 22 253 22 253 21 252 21 251 21 251 20 250 20 249 20 248 20 248 19 247 19 246 19 245 19 245 18 244 18 243 18 242 18 241 18 240 18 239 18 238 18 237 18 236 18 235 18 234 18 233 18 232 18 231 18 231 19 230 19 229 19 228 19 227 19 226 19 225 19 225 20 224 20 223 20 222 20 222 21 222 22 221 22 220 22 220 23 219 23 219 24 218 24 218 25 217 25 217 26 216 26 215 26 215 27 214 27 214 28 213 28 212 28 212 29 211 29 210 29 210 30 210 31 209 31 209 32 208 32 207 32 207 33 207 34 206 34 206 35 205 35 205 36 205 37 204 37 204 38 203 38 203 39 203 40 202 40 201 40 
1 51
177 67 177 66 177 65 177 64 178 64 179 64 180 64 181 64 182 64 183 64 183 63 183 62 183 61 183 60 183 59 183 58 183 57 184 57 185 57 186 57 186 56 187 56 187 55 188 55 188 54 189 54 190 54 190 53 190 52 191 52 192 52 192 51 192 50 192 49 193 49 193 48 194 48 194 47 194 46 195 46 195 45 196 45 197 45 198 45 198 44 199 44 199 43 199 42 199 41 199 40 199 39 
2 57
222 74 220 74 219 74 218 74 218 73 218 72 217 72 216 72 215 72 214 72 213 72 212 72 211 72 210 72 210 71 209 71 208 71 207 71 206 71 205 71 204 71 203 71 202 71 201 71 200 71 199 71 198 71 198 70 198 70 197 70 196 70 196 69 196 68 195 68 195 67 194 67 193 67 192 67 191 67 190 67 189 67 188 67 187 67 186 67 185 67 184 67 184 66 184 65 183 65 182 65 181 65 180 65 179 65 178 65 177 65 176 65 177 67 
3 34
239 56 237 57 237 58 236 58 236 59 235 59 234 59 233 59 232 59 231 59 230 59 229 59 229 60 228 60 227 60 227 61 226 61 226 62 225 62 225 63 224 63 224 64 223 64 223 65 222 65 222 66 222 67 222 68 222 69 222 70 222 71 222 72 222 73 222 74 
4 52
222 74 223 74 223 75 223 76 223 77 223 78 223 79 223 80 223 81 223 82 223 83 224 83 225 83 226 83 227 83 228 83 229 83 230 83 231 83 231 82 231 81 231 80 231 81 232 81 233 81 234 81 235 81 236 81 236 82 237 82 238 82 239 82 239 83 239 84 239 85 239 86 239 87 239 88 239 89 239 90 239 91 239 92 238 92 237 92 236 92 236 93 236 94 236 95 236 96 236 97 236 98 236 99 
5 117
306 115 305 115 305 116 304 116 303 116 303 117 302 117 302 118 302 119 302 120 301 120 300 120 299 120 298 120 297 120 296 120 295 120 294 120 294 121 294 122 295 122 294 122 293 122 292 122 292 123 292 124 292 125 292 126 292 127 291 127 291 128 290 128 289 128 288 128 287 128 286 128 285 128 284 128 284 127 283 127 282 127 282 126 281 126 281 125 280 125 280 124 280 123 279 123 279 122 278 122 277 122 276 122 276 121 275 121 275 120 274 120 274 119 273 119 272 119 271 119 270 119 269 119 268 119 267 119 267 118 266 118 266 117 266 117 265 117 265 116 264 116 263 116 263 115 262 115 262 114 261 114 261 113 260 113 260 112 259 112 258 112 258 111 257 111 257 110 256 110 255 110 255 109 254 109 254 108 253 108 253 107 252 107 251 107 250 107 249 107 248 107 247 107 246 107 245 107 244 107 243 107 242 107 241 107 241 106 241 105 240 105 240 104 239 104 238 104 237 104 236 104 236 103 236 102 236 101 236 100 236 99 236 99 
6 151
306 115 306 114 306 113 306 112 305 112 305 111 305 110 305 109 304 109 304 108 304 107 304 106 304 105 304 104 304 103 304 102 303 102 303 101 303 100 302 100 302 99 301 99 301 98 300 98 300 97 299 97 299 96 298 96 298 95 298 94 298 93 297 93 297 92 296 92 296 91 295 91 295 90 294 90 294 89 293 89 292 89 292 90 291 90 290 90 289 90 288 90 288 91 287 91 286 91 286 92 285 92 285 93 285 94 285 95 285 96 284 96 283 96 282 96 281 96 280 96 279 96 279 95 278 95 278 94 277 94 277 93 276 93 275 93 274 93 274 92 274 91 274 90 274 89 274 88 274 87 274 86 273 86 272 86 271 86 270 86 269 86 268 86 267 86 266 86 265 86 264 86 263 86 262 86 261 86 260 86 260 85 260 84 260 83 260 82 260 81 259 81 258 81 257 81 257 80 257 79 257 78 257 77 257 76 257 75 257 74 256 74 255 74 254 74 253 74 252 74 251 74 250 74 249 74 248 74 247 74 246 74 245 74 244 74 243 74 242 74 241 74 240 74 239 74 239 73 239 72 239 71 239 70 239 69 239 68 239 67 239 66 239 65 239 64 239 63 239 62 239 61 239 60 239 59 239 58 239 57 239 56 239 55 239 54 238 54 237 54 235 54 236 54 237 54 238 54 239 54 239 55 
7 143
236 99 236 100 236 101 236 102 235 102 235 103 234 103 233 103 233 104 232 104 232 105 232 104 231 104 230 104 229 104 228 104 227 104 226 104 225 104 224 104 223 104 223 105 222 105 222 106 221 106 220 106 219 106 219 107 218 107 217 107 217 108 216 108 215 108 214 108 213 108 212 108 212 107 212 106 211 106 210 106 209 106 208 106 207 106 206 106 205 106 204 106 203 106 202 106 202 105 201 105 200 105 199 105 198 105 197 105 197 104 196 104 195 104 194 104 193 104 192 104 191 104 190 104 189 104 188 104 188 105 188 106 187 106 186 106 185 106 184 106 183 106 182 106 181 106 180 106 179 106 178 106 177 106 176 106 175 106 174 106 173 106 172 106 172 105 171 105 171 104 170 104 169 104 169 103 168 103 168 102 167 102 166 102 166 101 165 101 165 100 164 100 163 100 163 99 162 99 162 98 161 98 160 98 160 97 159 97 159 96 158 96 157 96 156 96 155 96 155 95 154 95 154 94 153 94 152 94 151 94 150 94 150 93 149 93 149 92 148 92 148 91 147 91 147 90 147 89 146 89 145 89 145 88 144 88 144 87 144 86 143 86 142 86 142 85 142 84 141 84 140 84 140 83 139 83 139 82 139 81 139 80 139 79 140 79 
8 64
140 79 140 78 140 77 141 77 142 77 142 76 142 75 142 74 142 73 143 73 144 73 144 72 145 72 145 71 146 71 146 70 146 69 146 68 146 67 147 67 148 67 149 67 150 67 151 67 152 67 153 67 154 67 155 67 156 67 156 68 156 69 156 70 157 70 158 70 159 70 160 70 161 70 162 70 163 70 163 69 163 68 164 68 164 67 165 67 166 67 167 67 168 67 169 67 169 66 170 66 171 66 171 65 171 64 171 63 172 63 173 63 174 63 175 63 176 63 177 63 177 64 177 65 177 66 177 67 
9 114
72 62 71 62 71 63 70 63 70 64 70 65 70 66 70 67 70 68 70 69 71 69 72 69 73 69 74 69 75 69 76 69 77 69 78 69 79 69 80 69 81 69 82 69 83 69 83 70 83 71 83 72 83 73 83 74 83 75 83 76 83 77 83 78 83 79 83 80 83 81 83 82 83 83 83 84 83 85 83 86 83 87 83 88 84 88 85 88 86 88 87 88 88 88 89 88 89 89 89 90 90 90 91 90 92 90 93 90 93 91 93 92 93 92 93 91 94 91 94 90 94 89 95 89 95 88 96 88 97 88 98 88 98 87 99 87 99 86 100 86 101 86 102 86 103 86 104 86 104 85 105 85 106 85 107 85 107 84 108 84 109 84 110 84 111 84 111 83 112 83 112 82 112 81 113 81 114 81 115 81 116 81 117 81 118 81 119 81 120 81 121 81 121 82 121 83 122 83 123 83 124 83 125 83 126 83 126 84 127 84 128 84 129 84 130 84 131 84 132 84 133 84 133 83 134 83 134 82 
10 188
201 40 201 41 201 42 200 42 200 43 199 43 199 44 198 44 198 45 197 45 196 45 195 45 195 46 194 46 194 47 193 47 192 47 191 47 190 47 190 46 189 46 189 45 188 45 187 45 186 45 185 45 185 44 184 44 184 43 183 43 183 42 182 42 181 42 181 41 180 41 179 41 179 40 178 40 177 40 177 39 176 39 175 39 174 39 174 38 173 38 172 38 172 37 171 37 170 37 170 36 169 36 168 36 167 36 167 35 166 35 165 35 164 35 163 35 162 35 161 35 161 34 160 34 159 34 158 34 157 34 156 34 155 34 154 34 153 34 152 34 152 35 151 35 150 35 150 36 149 36 148 36 148 37 147 37 147 38 146 38 146 39 145 39 144 39 144 40 143 40 143 41 142 41 142 42 141 42 140 42 139 42 138 42 137 42 136 42 135 42 135 41 134 41 133 41 133 40 132 40 132 39 131 39 130 39 129 39 128 39 128 38 127 38 126 38 125 38 124 38 123 38 122 38 121 38 121 37 120 37 119 37 118 37 117 37 116 37 115 37 114 37 113 37 112 37 111 37 110 37 109 37 108 37 107 37 106 37 105 37 105 38 104 38 103 38 102 38 102 39 101 39 100 39 100 40 99 40 98 40 97 40 97 41 96 41 96 42 95 42 95 43 94 43 93 43 93 44 92 44 92 45 91 45 90 45 89 45 88 45 88 46 87 46 87 47 86 47 86 48 85 48 85 49 84 49 84 50 83 50 83 51 82 51 82 52 81 52 81 53 80 53 80 54 79 54 78 54 78 55 78 56 77 56 77 57 76 57 75 57 75 58 74 58 74 59 74 60 73 60 73 61 72 61 72 62 
11 898
72 62 71 62 71 63 70 63 70 64 70 65 69 65 69 66 69 67 68 67 68 68 67 68 67 69 66 69 66 70 65 70 65 71 64 71 64 72 63 72 63 73 63 74 63 75 62 75 62 76 62 77 62 78 61 78 61 79 61 80 60 80 60 81 60 82 59 82 59 83 59 84 58 84 58 85 58 86 57 86 57 87 57 88 57 89 57 90 56 90 56 91 56 92 56 93 56 94 56 95 55 95 55 96 54 96 54 97 54 98 53 98 53 99 53 100 52 100 52 101 52 102 51 102 51 103 51 104 51 105 50 105 50 106 50 107 50 108 50 109 49 109 49 110 48 110 48 111 48 112 48 113 48 114 48 115 47 115 47 116 47 117 47 118 46 118 46 119 46 120 46 121 46 122 45 122 45 123 45 124 45 125 45 126 45 127 44 127 44 128 44 129 44 130 44 131 44 132 44 133 44 134 44 135 44 136 43 136 43 137 43 138 42 138 42 139 42 140 42 141 42 142 42 143 42 144 42 145 42 146 42 147 42 148 41 148 41 149 41 150 41 151 41 152 41 153 40 153 40 154 40 155 40 156 40 157 39 157 39 158 39 159 39 160 39 161 39 162 39 163 39 164 39 165 38 165 38 166 38 167 38 168 38 169 38 170 38 171 37 171 37 172 37 173 37 174 37 175 37 176 37 177 37 178 36 178 36 179 36 180 36 181 36 182 36 183 36 184 36 185 36 186 36 187 35 187 35 188 35 189 35 190 35 191 35 192 35 193 35 194 35 195 35 196 35 197 35 198 35 199 35 200 35 201 35 202 35 203 35 204 35 205 35 206 35 207 35 208 35 209 35 210 35 211 35 212 35 213 35 214 35 215 35 216 35 217 35 218 35 219 35 220 35 221 35 222 35 223 35 224 35 225 35 226 35 227 35 228 35 229 35 230 35 231 35 232 35 233 35 234 35 235 35 236 35 237 35 238 35 239 35 240 35 241 35 242 36 242 36 243 36 244 36 245 36 246 37 246 37 247 37 248 37 249 37 250 37 251 37 252 37 253 37 254 38 254 38 255 38 256 38 257 39 257 39 258 39 259 39 260 39 261 39 262 39 263 40 263 40 264 40 265 41 265 41 266 41 267 42 267 42 268 42 269 42 270 43 270 43 271 43 272 43 273 44 273 44 274 44 275 44 276 44 277 44 278 44 279 45 279 45 280 45 281 45 282 46 282 46 283 46 284 46 285 47 285 47 286 47 287 48 287 48 288 48 289 48 290 49 290 49 291 50 291 50 292 50 293 50 294 51 294 51 295 51 296 51 297 52 297 52 298 52 299 53 299 53 300 53 301 54 301 54 302 55 302 55 303 56 303 56 304 56 305 56 306 56 307 57 307 57 308 57 309 57 310 58 310 58 311 59 311 59 312 59 313 60 313 60 314 61 314 61 315 61 316 62 316 63 316 63 317 63 318 64 318 64 319 64 320 65 320 65 321 66 321 66 322 67 322 67 323 68 323 68 324 68 325 69 325 69 326 69 327 70 327 70 328 71 328 71 329 72 329 72 330 73 330 73 331 74 331 74 332 75 332 75 333 76 333 77 333 77 334 77 335 78 335 79 335 79 336 80 336 80 337 81 337 82 337 82 338 82 339 83 339 83 340 84 340 84 341 85 341 86 341 86 342 87 342 88 342 89 342 89 343 90 343 90 344 90 345 91 345 92 345 92 346 93 346 93 347 94 347 95 347 95 348 95 349 96 349 96 350 97 350 98 350 98 351 99 351 100 351 100 352 101 352 102 352 102 353 103 353 104 353 104 354 105 354 106 354 107 354 107 355 108 355 109 355 110 355 110 356 111 356 112 356 113 356 113 357 114 357 115 357 116 357 117 357 118 357 119 357 120 357 121 357 122 357 123 357 124 357 125 357 125 356 126 356 127 356 128 356 129 356 130 356 131 356 132 356 132 355 133 355 134 355 135 355 136 355 136 354 137 354 138 354 139 354 140 354 141 354 142 354 142 353 143 353 144 353 144 352 145 352 146 352 146 351 147 351 147 350 148 350 149 350 150 350 151 350 152 350 153 350 154 350 155 350 156 350 156 351 157 351 158 351 158 352 159 352 159 353 160 353 160 354 161 354 162 354 163 354 163 355 164 355 165 355 165 356 166 356 166 357 167 357 167 358 167 359 168 359 169 359 169 360 169 361 170 361 171 361 171 362 171 363 172 363 172 364 173 364 174 364 175 364 176 364 177 364 177 365 177 366 177 367 177 368 178 368 179 368 180 368 180 369 181 369 181 370 182 370 183 370 184 370 184 371 185 371 186 371 186 372 187 372 187 373 188 373 189 373 190 373 191 373 192 373 193 373 194 373 195 373 196 373 197 373 198 373 199 373 200 373 201 373 202 373 203 373 204 373 205 373 206 373 207 373 208 373 209 373 210 373 211 373 212 373 213 373 213 372 214 372 215 372 216 372 217 372 217 371 218 371 219 371 219 370 220 370 220 369 221 369 222 369 222 368 223 368 224 368 225 368 226 368 226 367 227 367 227 366 228 366 229 366 229 365 230 365 231 365 231 364 232 364 233 364 233 363 234 363 234 362 235 362 236 362 236 361 236 360 237 360 237 359 238 359 239 359 239 358 240 358 241 358 241 357 242 357 242 356 243 356 243 355 244 355 245 355 245 354 246 354 247 354 248 354 248 353 248 352 249 352 249 351 250 351 251 351 251 350 252 350 252 349 253 349 253 348 254 348 255 348 255 347 256 347 256 346 257 346 257 345 258 345 258 344 259 344 260 344 260 343 260 342 261 342 261 341 262 341 262 340 263 340 263 339 264 339 265 339 265 338 265 337 266 337 267 337 267 336 267 335 268 335 268 334 269 334 269 333 270 333 270 332 271 332 271 331 271 330 272 330 272 329 272 328 273 328 274 328 274 327 274 326 275 326 275 325 276 325 276 324 276 323 277 323 277 322 278 322 278 321 279 321 279 320 279 319 280 319 280 318 280 317 281 317 281 316 282 316 282 315 283 315 283 314 283 313 284 313 284 312 284 311 284 310 285 310 285 309 286 309 286 308 286 307 286 306 286 305 287 305 287 304 287 303 287 302 288 302 289 302 289 301 289 300 289 299 290 299 290 298 290 297 291 297 291 296 291 295 292 295 292 294 293 294 293 293 293 292 293 291 294 291 294 290 294 289 295 289 295 288 295 287 296 287 296 286 296 285 296 284 297 284 297 283 297 282 298 282 298 281 298 280 298 279 298 278 298 277 299 277 299 276 299 275 299 274 299 273 299 272 300 272 300 271 301 271 301 270 301 269 301 268 302 268 302 267 302 266 302 265 303 265 303 264 303 263 303 262 303 261 303 260 304 260 304 259 304 258 304 257 304 256 304 255 304 254 304 253 304 252 305 252 305 251 305 250 305 249 305 248 305 247 306 247 306 246 306 245 306 244 306 243 306 242 306 241 306 240 306 239 306 238 306 237 306 236 306 235 307 235 307 234 307 233 307 232 307 231 307 230 307 229 307 228 307 227 307 226 307 225 307 224 307 223 307 222 307 221 307 220 307 219 307 218 307 217 307 216 307 215 307 214 307 213 307 212 307 211 307 210 307 209 307 208 307 207 307 206 307 205 307 204 307 203 307 202 307 201 307 200 307 199 307 198 307 197 307 196 307 195 307 194 307 193 307 192 307 191 307 190 307 189 307 188 307 187 308 187 308 186 308 185 308 184 309 184 309 183 309 182 309 181 309 180 309 179 309 178 309 177 309 176 309 175 309 174 309 173 309 172 309 171 309 170 309 169 309 168 309 167 309 166 309 165 309 164 309 163 309 162 309 161 309 160 309 159 309 158 309 157 309 156 309 155 309 154 309 153 309 152 309 151 309 150 309 149 309 148 309 147 309 146 309 145 309 144 309 143 309 142 309 141 309 140 309 139 309 138 309 137 309 136 309 135 309 134 309 133 309 132 309 131 309 130 309 129 309 128 309 127 309 126 309 125 309 124 309 123 309 122 308 122 308 121 308 120 308 119 308 118 307 118 307 117 307 116 307 115 306 115 
CtrlSeqSet
12
0 8
238 52 0 257 57 0 290 75 0 296 49 0 273 32 0 246 19 0 215 26 0 198 47 0 
1 3
182 64 0 189 54 0 198 47 0 
2 3
222 74 0 196 69 0 182 64 0 
3 3
238 52 0 226 62 0 222 74 0 
4 3
222 74 0 235 81 0 236 99 0 
5 5
309 124 0 291 127 0 272 119 0 254 109 0 236 99 0 
6 8
309 124 0 305 101 0 293 87 0 282 83 0 272 74 0 258 67 0 247 61 0 238 52 0 
7 8
236 99 0 223 105 0 207 106 0 188 104 0 171 104 0 158 96 0 145 88 0 139 83 0 
8 4
139 83 0 150 67 0 166 67 0 182 64 0 
9 8
68 67 0 77 73 0 85 77 0 94 83 0 105 86 0 118 89 0 128 86 0 139 83 0 
10 8
198 47 0 184 43 0 164 35 0 143 40 0 121 38 0 97 40 0 81 52 0 68 67 0 
11 22
68 67 0 56 90 0 45 123 0 39 161 0 35 201 0 36 244 0 45 279 0 58 310 0 77 335 0 103 353 0 140 354 0 169 361 0 201 373 0 234 362 0 260 344 0 279 319 0 294 290 0 304 256 0 307 215 0 309 173 0 312 141 0 309 124 0 
IfSplit
8
1 1 1 1 1 1 1 1 
jpt
8
238 52 0 198 47 0 182 64 0 222 74 0 236 99 0 309 124 0 139 83 0 68 67 0 
Seqid
8
6 274 289 33 51 1084 142 187 
splineid
8
0 3
0 3 6 
1 3
0 1 10 
2 3
1 2 8 
3 3
2 3 4 
4 3
4 5 7 
5 3
5 6 11 
6 3
7 8 9 
7 3
9 10 11 
