CircularSet
9
0 0 0 0 0 0 0 0 0 
ParaSet
9
0.05 0.05 0.15 0.15 0.15 0.15 0.35 0.35 0.05 
SeqSet
9
0 174
309 141 309 141 309 142 309 143 309 144 309 145 309 146 309 147 309 148 309 149 309 150 309 151 309 152 309 153 309 154 309 155 309 156 309 157 309 158 309 159 309 160 309 161 309 162 309 163 309 164 309 165 309 166 309 167 309 168 309 169 309 170 309 171 309 172 309 173 309 174 309 175 309 176 309 177 309 178 309 179 309 180 309 181 309 182 309 183 309 184 309 185 309 186 309 187 309 188 309 189 309 190 309 191 309 192 309 193 309 194 310 194 310 195 310 196 310 197 310 198 310 199 310 200 310 201 310 202 310 203 310 204 310 205 310 206 310 207 310 208 310 209 310 210 310 211 310 212 310 213 310 214 310 215 310 216 310 217 310 218 310 219 310 220 310 221 310 222 310 223 310 224 310 225 310 226 310 227 309 227 310 227 310 228 310 229 310 230 310 231 310 232 310 233 310 234 310 235 310 236 310 237 310 238 310 239 310 240 310 241 310 242 310 243 310 244 310 245 310 246 310 247 310 248 310 249 310 250 310 251 310 252 310 253 310 254 310 255 310 256 310 257 310 258 310 259 310 260 309 260 309 261 308 261 308 262 308 263 308 264 308 265 308 266 308 267 308 268 308 269 308 270 308 271 308 272 308 273 308 274 308 275 307 275 307 276 307 277 307 278 306 278 306 279 306 280 306 281 306 282 306 283 306 284 306 285 306 286 306 287 306 288 306 289 306 290 306 291 306 292 306 293 306 294 306 295 306 296 306 297 306 298 306 299 306 300 306 301 306 302 306 303 306 304 306 305 306 306 
1 561
309 141 310 141 310 140 311 140 312 140 313 140 314 140 314 139 315 139 316 139 317 139 317 138 318 138 319 138 320 138 321 138 321 137 322 137 323 137 324 137 325 137 326 137 326 136 327 136 328 136 329 136 329 135 330 135 331 135 332 135 333 135 334 135 335 135 335 134 336 134 337 134 338 134 339 134 339 133 340 133 341 133 342 133 342 132 343 132 344 132 345 132 346 132 347 132 347 131 348 131 349 131 350 131 350 130 351 130 352 130 353 130 354 130 355 130 356 130 356 129 357 129 358 129 359 129 360 129 360 128 361 128 361 127 362 127 363 127 364 127 365 127 366 127 366 126 367 126 368 126 369 126 369 125 370 125 371 125 372 125 372 124 373 124 374 124 375 124 376 124 376 123 377 123 378 123 379 123 379 122 380 122 381 122 382 122 383 122 383 121 384 121 385 121 386 121 387 121 387 120 388 120 389 120 390 120 390 119 391 119 392 119 393 119 394 119 394 118 395 118 396 118 397 118 398 118 398 117 399 117 400 117 401 117 402 117 403 117 403 116 404 116 405 116 406 116 407 116 408 116 408 115 409 115 410 115 411 115 412 115 412 114 413 114 414 114 415 114 416 114 417 114 418 114 419 114 419 113 420 113 421 113 422 113 423 113 424 113 425 113 426 113 426 112 427 112 428 112 429 112 430 112 431 112 431 111 432 111 433 111 434 111 435 111 436 111 437 111 438 111 439 111 440 111 441 111 442 111 443 111 444 111 445 111 446 111 447 111 448 111 449 111 450 111 451 111 452 111 453 111 454 111 455 111 456 111 457 111 458 111 459 111 459 112 460 112 461 112 461 113 462 113 462 114 462 115 462 116 463 116 463 117 464 117 464 118 465 118 466 118 467 118 468 118 468 119 469 119 470 119 470 120 470 121 471 121 471 122 472 122 472 123 472 124 472 125 472 126 473 126 473 127 473 128 473 129 474 129 474 130 474 131 474 132 474 133 474 134 474 135 474 136 474 137 474 138 474 139 474 140 474 141 474 142 474 143 474 144 474 145 474 146 474 147 473 147 473 148 473 149 473 150 473 151 472 151 472 152 472 153 472 154 472 155 471 155 471 156 471 157 471 158 470 158 470 159 470 160 470 161 469 161 469 162 469 163 469 164 468 164 468 165 468 166 467 166 467 167 467 168 467 169 466 169 466 170 466 171 465 171 465 172 465 173 464 173 464 174 464 175 463 175 463 176 463 177 462 177 462 178 462 179 461 179 461 180 461 181 460 181 460 182 459 182 459 183 459 184 459 185 458 185 458 186 458 187 457 187 457 188 456 188 456 189 456 190 455 190 455 191 454 191 454 192 454 193 453 193 453 194 453 195 453 196 452 196 451 196 451 197 451 198 450 198 450 199 449 199 449 200 449 201 448 201 448 202 448 203 447 203 446 203 446 204 446 205 446 206 445 206 445 207 444 207 443 207 443 208 443 209 442 209 442 210 442 211 441 211 441 212 440 212 440 213 440 214 439 214 438 214 438 215 438 216 437 216 437 217 436 217 436 218 435 218 435 219 435 220 434 220 433 220 433 221 433 222 432 222 432 223 431 223 431 224 430 224 430 225 429 225 429 226 429 227 428 227 427 227 427 228 427 229 426 229 426 230 425 230 425 231 424 231 424 232 423 232 423 233 422 233 422 234 421 234 421 235 420 235 420 236 419 236 419 237 419 238 418 238 417 238 417 239 416 239 416 240 415 240 415 241 414 241 414 242 413 242 413 243 412 243 412 244 411 244 411 245 410 245 410 246 409 246 408 246 408 247 408 248 407 248 407 249 406 249 406 250 406 251 405 251 404 251 403 251 403 252 403 253 402 253 401 253 401 254 400 254 400 255 400 256 399 256 398 256 398 257 397 257 396 257 396 258 395 258 395 259 395 260 394 260 393 260 393 261 392 261 392 262 391 262 390 262 390 263 389 263 389 264 388 264 388 265 387 265 387 266 386 266 385 266 385 267 384 267 384 268 383 268 382 268 382 269 382 270 381 270 380 270 380 271 379 271 379 272 378 272 377 272 377 273 376 273 375 273 375 274 374 274 374 275 373 275 372 275 372 276 371 276 371 277 370 277 369 277 369 278 368 278 368 279 368 280 367 280 366 280 366 281 365 281 364 281 364 282 363 282 363 283 362 283 361 283 361 284 361 285 361 286 361 287 360 287 359 287 359 288 359 289 358 289 357 289 356 289 355 289 354 289 353 289 352 289 351 289 350 289 350 290 350 291 350 292 350 293 350 294 350 295 350 296 350 297 350 298 350 299 349 299 349 300 348 300 347 300 346 300 345 300 344 300 343 300 342 300 341 300 340 300 339 300 338 300 337 300 336 300 335 300 335 301 334 301 333 301 332 301 332 302 331 302 330 302 329 302 328 302 327 302 326 302 325 302 324 302 323 302 322 302 322 303 321 303 321 304 320 304 320 305 320 306 320 307 320 308 319 308 318 308 317 308 316 308 315 308 314 308 313 308 312 308 311 308 310 308 309 308 308 308 307 308 306 308 
2 244
146 152 146 151 147 151 148 151 148 150 149 150 149 149 149 148 150 148 151 148 151 147 152 147 152 146 153 146 153 145 154 145 154 144 154 143 155 143 156 143 156 142 157 142 157 141 158 141 158 140 159 140 160 140 160 139 161 139 161 138 162 138 162 137 163 137 164 137 164 136 165 136 165 135 166 135 167 135 167 134 168 134 169 134 169 133 170 133 170 132 171 132 172 132 172 131 173 131 173 130 174 130 175 130 175 129 176 129 177 129 178 129 178 128 178 127 179 127 180 127 181 127 181 126 182 126 183 126 183 125 184 125 185 125 185 124 186 124 187 124 188 124 189 124 190 124 190 125 190 126 187 124 188 124 188 123 189 123 189 122 190 122 191 122 192 122 193 122 193 121 194 121 195 121 196 121 197 121 197 120 198 120 199 120 200 120 201 120 201 119 202 119 203 119 204 119 205 119 206 119 206 118 207 118 208 118 209 118 210 118 211 118 212 118 213 118 214 118 215 118 216 118 217 118 218 118 219 118 220 118 221 118 222 118 222 119 223 119 224 119 225 119 226 119 227 119 228 119 228 120 229 120 230 120 231 120 232 120 233 120 233 121 234 121 235 121 236 121 237 121 237 122 238 122 239 122 240 122 241 122 242 122 242 123 243 123 243 124 244 124 245 124 246 124 247 124 247 125 248 125 249 125 249 126 250 126 250 127 251 127 252 127 253 127 253 128 254 128 254 129 255 129 256 129 256 130 257 130 257 131 258 131 258 132 259 132 260 132 260 133 261 133 262 133 262 134 263 134 263 135 264 135 265 135 265 136 265 137 266 137 266 138 267 138 267 139 268 139 268 140 269 140 269 141 270 141 270 142 271 142 271 143 271 144 272 144 272 145 273 145 273 146 274 146 274 147 274 148 275 148 276 148 276 149 276 150 277 150 278 150 279 150 280 150 281 150 281 149 282 149 283 149 283 148 284 148 285 148 286 148 287 148 287 147 288 147 289 147 290 147 290 146 291 146 292 146 292 145 293 145 294 145 295 145 296 145 296 144 297 144 298 144 299 144 299 143 300 143 301 143 302 143 303 143 303 142 304 142 305 142 306 142 307 142 307 141 308 141 
3 106
149 250 151 247 151 246 151 245 151 244 151 243 151 242 151 241 151 240 151 239 151 238 151 237 151 236 151 235 151 234 151 233 151 232 151 231 151 230 151 229 151 228 151 227 151 226 151 225 151 224 151 223 151 222 151 221 151 220 152 220 152 219 152 218 152 217 152 216 152 215 152 214 152 213 152 212 152 211 152 210 152 209 152 208 152 207 152 206 152 205 152 204 152 203 152 202 152 201 152 200 152 199 152 198 152 197 152 196 152 195 152 194 152 193 152 192 152 192 152 191 152 190 152 189 152 188 152 187 152 186 152 185 152 184 151 184 150 184 150 183 150 182 150 181 150 180 150 179 150 178 150 177 150 176 150 175 150 174 150 173 150 172 149 172 149 171 149 170 149 169 149 168 149 167 149 166 149 165 149 164 149 163 149 162 149 161 149 160 149 159 149 158 148 158 148 157 147 157 146 157 146 156 146 155 146 154 146 153 145 153 146 152 
4 222
306 308 306 309 305 309 304 309 303 309 302 309 301 309 300 309 299 309 298 309 297 309 296 309 295 309 294 309 293 309 292 309 291 309 290 309 289 309 288 309 287 309 286 309 285 309 284 309 283 309 282 309 281 309 280 309 279 309 278 309 277 309 276 309 275 309 274 309 273 309 272 309 271 309 270 309 269 309 268 309 267 309 266 309 265 309 264 309 263 309 262 309 261 309 260 309 259 309 258 309 257 309 256 309 255 309 254 309 254 308 253 308 252 308 251 308 250 308 249 308 248 308 247 308 246 308 245 308 244 308 243 308 242 308 241 308 240 308 239 308 238 308 238 307 237 307 236 307 235 307 234 307 233 307 232 307 231 307 230 307 229 307 228 307 227 307 227 306 226 306 225 306 224 306 223 306 222 306 221 306 220 306 220 305 219 305 218 305 217 305 216 305 215 305 215 304 214 304 213 304 212 304 211 304 210 304 210 303 209 303 208 303 208 302 207 302 207 301 207 300 207 299 206 299 205 299 205 298 204 298 203 298 203 297 202 297 201 297 201 296 200 296 199 296 199 295 199 294 198 294 197 294 196 294 195 294 194 294 193 294 192 294 191 294 192 294 193 294 193 293 193 292 193 291 193 290 193 289 192 289 191 289 191 288 190 288 190 287 189 287 189 286 188 286 188 285 188 284 187 284 186 284 185 284 184 284 183 284 182 284 182 283 182 282 182 281 182 280 181 280 181 279 181 278 180 278 180 277 180 276 179 276 178 276 178 275 177 275 176 275 175 275 174 275 173 275 173 274 173 273 173 272 173 271 173 270 172 270 172 269 172 268 171 268 170 268 170 267 169 267 169 266 169 265 168 265 167 265 167 264 166 264 166 263 165 263 165 262 164 262 163 262 163 261 162 261 162 260 161 260 161 259 160 259 159 259 159 258 159 257 158 257 157 257 157 256 156 256 156 255 156 254 155 254 154 254 153 254 153 253 153 252 152 252 151 252 151 251 150 251 149 251 149 250 
5 78
96 177 96 178 97 178 98 178 99 178 100 178 101 178 102 178 103 178 104 178 105 178 106 178 107 178 108 178 109 178 110 178 111 178 111 177 112 177 113 177 114 177 115 177 116 177 116 176 117 176 117 175 118 175 119 175 120 175 121 175 121 174 122 174 123 174 124 174 124 173 124 172 125 172 126 172 127 172 127 171 128 171 128 170 129 170 129 169 130 169 130 168 130 167 131 167 132 167 132 166 133 166 133 165 134 165 135 165 135 164 136 164 136 163 136 162 137 162 137 161 138 161 138 160 138 159 139 159 140 159 140 158 141 158 141 157 141 156 142 156 143 156 143 155 144 155 144 154 145 154 145 153 146 153 146 152 
6 91
109 254 106 250 106 249 106 248 106 247 106 246 106 245 106 244 106 243 106 242 106 241 106 240 106 239 106 238 105 238 105 237 105 236 105 235 105 234 105 233 105 232 105 231 105 230 105 229 105 228 105 227 104 227 104 226 104 225 104 224 104 223 104 222 103 222 103 221 103 220 103 219 103 218 103 217 103 216 103 215 103 214 103 213 103 212 102 212 101 212 100 212 99 212 99 212 100 212 100 211 100 210 100 209 100 208 100 207 100 206 99 206 99 205 99 204 98 204 98 203 97 203 96 203 96 202 96 201 95 201 95 200 95 199 95 198 95 197 95 196 95 195 95 194 95 193 96 193 96 192 96 191 96 190 96 189 96 188 96 187 96 186 96 185 96 184 96 183 96 182 96 181 96 180 96 179 96 178 96 177 96 177 
7 67
149 250 148 250 148 249 147 249 146 249 146 248 146 247 146 246 145 246 145 245 145 244 144 244 143 244 143 243 142 243 141 243 141 242 141 241 140 241 139 241 138 241 137 241 137 240 136 240 136 239 135 239 134 239 133 239 132 239 132 240 132 241 132 242 132 243 131 243 130 243 129 243 128 243 127 243 126 243 125 243 124 243 123 243 122 243 121 243 120 243 119 243 118 243 118 244 117 244 116 244 115 244 114 244 114 245 114 246 113 246 112 246 112 247 112 248 112 249 112 250 112 251 112 252 112 253 111 253 111 254 110 254 109 254 
8 463
109 254 109 255 108 255 108 256 107 256 107 257 106 257 105 257 104 257 103 257 103 258 103 259 102 259 102 260 101 260 101 261 100 261 100 262 99 262 99 263 98 263 98 264 98 265 97 265 96 265 96 266 96 267 95 267 95 268 95 269 95 270 95 271 95 272 94 272 94 273 93 273 93 274 93 275 92 275 91 275 91 276 91 277 90 277 90 278 90 279 90 280 89 280 88 280 88 281 88 282 87 282 87 283 87 284 87 285 86 285 85 285 85 286 85 287 85 288 84 288 83 288 83 289 82 289 82 290 82 291 82 292 82 293 82 294 82 295 82 296 82 297 82 298 82 299 82 300 82 301 82 302 82 303 82 304 81 304 80 304 79 304 78 304 77 304 76 304 75 304 74 304 73 304 72 304 71 304 71 305 70 305 69 305 68 305 67 305 66 305 65 305 64 305 63 305 62 305 61 305 61 306 61 307 60 307 59 307 58 307 57 307 56 307 55 307 54 307 53 307 53 306 52 306 51 306 50 306 49 306 48 306 47 306 46 306 45 306 44 306 43 306 42 306 41 306 40 306 39 306 38 306 37 306 36 306 35 306 34 306 34 305 33 305 32 305 31 305 30 305 29 305 28 305 27 305 27 304 26 304 26 303 26 302 26 301 26 300 26 299 26 298 26 297 26 296 25 296 24 296 24 295 24 294 24 293 24 292 24 291 23 291 22 291 22 290 22 289 21 289 21 288 21 287 21 286 21 285 21 284 21 283 20 283 20 282 20 281 20 280 20 279 19 279 18 279 18 278 18 277 18 276 18 275 18 274 18 273 18 272 18 271 18 270 18 269 18 268 17 268 16 268 16 267 16 266 16 265 16 264 16 263 16 262 16 261 15 261 15 260 15 259 15 258 15 257 15 256 14 256 14 255 14 254 14 253 14 252 14 251 13 251 13 250 13 249 13 248 13 247 13 246 13 245 13 244 13 243 13 242 13 241 13 240 13 239 13 238 13 237 13 236 13 235 13 234 13 233 13 232 13 231 13 230 13 229 13 228 13 227 13 226 13 225 13 224 13 223 13 222 13 221 13 220 13 219 13 218 13 217 13 216 13 215 13 214 13 213 13 212 14 212 14 211 14 210 14 209 15 209 15 208 15 207 15 206 16 206 16 205 16 204 16 203 16 202 16 201 16 200 16 199 16 198 17 198 17 197 18 197 18 196 18 195 18 194 18 193 19 193 19 192 19 191 19 190 20 190 20 189 20 188 21 188 21 187 21 186 21 185 22 185 22 184 23 184 23 183 24 183 24 182 24 181 24 180 25 180 26 180 26 179 27 179 27 178 27 177 28 177 29 177 29 176 29 175 30 175 31 175 31 174 32 174 33 174 34 174 34 173 34 172 35 172 36 172 37 172 38 172 38 171 39 171 40 171 41 171 40 171 39 171 38 171 37 171 36 171 35 171 35 170 35 169 35 168 35 167 35 166 34 166 34 165 34 164 34 163 34 162 34 161 34 160 34 159 34 158 34 157 34 156 35 156 34 156 34 155 34 154 34 153 34 152 34 151 34 150 34 149 34 148 35 148 35 147 35 146 36 146 36 145 37 145 37 144 37 143 38 143 38 142 39 142 39 141 40 141 40 140 41 140 42 140 42 139 43 139 43 138 44 138 44 137 45 137 46 137 47 137 47 136 48 136 48 135 49 135 50 135 51 135 52 135 53 135 54 135 55 135 56 135 57 135 58 135 59 135 60 135 61 135 62 135 63 135 63 136 64 136 64 137 65 137 66 137 66 138 67 138 68 138 68 139 69 139 69 140 70 140 70 141 71 141 71 142 72 142 72 143 72 144 72 145 73 145 74 145 74 146 74 147 75 147 75 148 75 149 75 150 76 150 76 151 76 152 76 153 77 153 77 154 77 155 77 156 78 156 78 157 78 158 79 158 79 159 79 160 79 161 79 162 80 162 80 163 80 164 80 165 81 165 81 166 82 166 82 167 82 168 82 169 83 169 83 170 84 170 84 171 85 171 85 172 86 172 86 173 87 173 87 174 88 174 88 175 89 175 90 175 90 176 91 176 92 176 92 177 93 177 94 177 95 177 96 177 
CtrlSeqSet
9
0 22
307 142 0 309 148 0 309 156 0 309 164 0 309 172 0 309 180 0 309 188 0 310 195 0 310 203 0 310 211 0 310 219 0 310 227 0 310 233 0 310 241 0 310 249 0 310 257 0 308 263 0 308 271 0 307 278 0 306 285 0 306 293 0 307 307 0 
1 21
307 142 0 331 135 0 354 130 0 376 124 0 398 118 0 421 113 0 447 111 0 468 118 0 474 140 0 469 163 0 460 182 0 449 199 0 438 216 0 425 231 0 411 245 0 396 258 0 380 270 0 362 285 0 350 296 0 328 302 0 307 307 0 
2 8
147 153 0 165 135 0 190 124 0 214 118 0 244 124 0 266 138 0 287 147 0 307 142 0 
3 8
149 250 0 151 233 0 152 219 0 152 204 0 152 190 0 150 177 0 149 163 0 147 153 0 
4 8
307 307 0 274 309 0 242 308 0 213 304 0 192 294 0 179 276 0 162 260 0 149 250 0 
5 8
96 177 0 106 178 0 116 177 0 124 174 0 130 169 0 136 164 0 141 158 0 147 153 0 
6 4
106 253 0 108 225 0 106 201 0 100 178 0 
7 4
149 250 0 132 242 0 118 243 0 106 253 0 
8 21
106 253 0 97 265 0 89 280 0 82 296 0 68 305 0 48 306 0 27 304 0 21 287 0 17 268 0 13 249 0 13 226 0 16 206 0 21 188 0 31 175 0 35 168 0 34 148 0 46 137 0 65 137 0 75 150 0 82 166 0 100 178 0 
IfSplit
6
1 1 1 1 1 1 
jpt
6
307 142 0 307 307 0 147 153 0 149 250 0 100 178 0 106 253 0 
Seqid
6
169 729 826 221 528 66 
splineid
6
0 3
0 1 2 
1 3
0 1 4 
2 3
2 3 5 
3 3
3 4 7 
4 3
5 6 8 
5 3
6 7 8 
