CircularSet
32
0 0 0 0 0 0 0 0 0 0 0 0 0 0 0 0 0 0 0 0 0 0 0 0 0 0 0 0 0 0 0 0 
ParaSet
32
0.15 0.35 0.45 0.25 0.45 0.45 0.45 0.25 0.45 0.45 0.25 0.25 0.25 0.35 0.35 0.25 0.35 0.35 0.35 0.05 0.35 0.35 0.25 0.25 0.15 0.15 0.35 0.35 0.35 0.35 0.35 0.35 
SeqSet
32
0 309
53 169 52 169 52 168 52 167 52 166 51 166 51 165 51 164 51 163 51 162 51 161 51 160 51 159 51 158 51 157 51 156 51 155 51 154 51 153 50 153 50 152 49 152 49 151 49 150 48 150 48 149 48 148 47 148 47 147 47 146 47 145 47 144 47 143 47 142 47 141 47 140 47 139 47 138 47 137 47 136 48 136 47 136 46 136 45 136 45 135 44 135 44 134 44 133 43 133 43 132 43 131 43 130 44 130 45 130 45 129 45 128 45 127 45 126 45 125 45 124 45 123 44 123 44 122 43 122 43 121 43 120 43 119 43 118 44 118 45 118 45 117 46 117 47 117 47 116 47 115 47 114 47 113 47 112 47 111 47 110 47 109 47 108 48 108 48 107 48 106 49 106 50 106 51 106 49 103 49 104 49 105 49 106 50 106 50 107 51 107 52 107 53 107 54 107 55 107 55 108 56 108 56 109 56 110 57 110 57 111 58 111 58 112 59 112 59 113 60 113 60 114 61 114 61 115 62 115 62 116 63 116 63 117 64 117 65 117 66 117 66 118 67 118 67 119 68 119 68 120 68 121 69 121 69 122 70 122 70 123 71 123 72 123 72 124 73 124 73 125 74 125 74 126 75 126 75 127 76 127 76 128 77 128 77 129 78 129 78 130 79 130 79 131 80 131 81 131 81 132 82 132 82 133 83 133 83 134 84 134 84 135 85 135 85 136 86 136 86 137 87 137 87 138 88 138 88 139 89 139 89 140 90 140 91 140 91 141 92 141 92 142 93 142 93 143 94 143 94 144 95 144 95 145 96 145 96 146 97 146 97 147 98 147 99 147 100 147 101 147 101 148 102 148 102 149 103 149 104 149 105 149 106 149 107 149 108 149 109 149 110 149 111 149 111 148 112 148 113 148 114 148 115 148 116 148 117 148 117 147 118 147 119 147 120 147 120 146 121 146 121 145 121 144 121 143 122 143 123 143 124 143 125 143 126 143 126 142 127 142 127 141 128 141 128 140 129 140 130 140 130 139 130 138 131 138 132 138 133 138 134 138 135 138 135 137 136 137 137 137 138 137 139 137 140 137 140 138 141 138 142 138 143 138 143 137 144 137 144 136 145 136 146 136 147 136 147 137 148 137 148 138 149 138 150 138 150 139 151 139 152 139 153 139 154 139 155 139 155 138 156 138 156 137 157 137 157 136 158 136 158 135 159 135 159 134 160 134 161 134 162 134 163 134 164 134 165 134 165 135 165 136 166 136 167 136 167 137 168 137 168 138 169 138 170 138 171 138 172 138 172 137 173 137 174 137 175 137 176 137 176 138 176 139 176 140 177 140 177 141 178 141 178 142 179 142 180 142 181 142 181 141 182 141 183 141 184 141 184 140 185 140 186 140 187 140 187 139 
1 71
134 242 135 242 136 242 136 243 137 243 137 244 138 244 139 244 139 245 140 245 141 245 142 245 143 245 143 244 144 244 144 243 145 243 145 242 146 242 147 242 148 242 149 242 150 242 150 243 151 243 152 243 153 243 154 243 155 243 156 243 157 243 158 243 159 243 159 242 160 242 161 242 162 242 163 242 164 242 165 242 165 241 165 240 166 240 166 239 166 238 166 237 167 237 168 237 168 236 169 236 169 235 170 235 171 235 171 234 172 234 173 234 173 233 174 233 175 233 176 233 177 233 178 233 179 233 180 233 180 232 181 232 181 231 182 231 182 230 182 229 182 228 
2 19
152 300 155 299 155 298 156 298 156 297 156 296 156 295 156 294 156 293 156 292 156 291 156 290 156 289 156 288 156 287 156 286 156 285 156 284 156 283 
3 83
214 263 213 264 212 264 211 264 210 264 209 264 208 264 207 264 206 264 205 264 205 265 205 266 204 266 204 267 203 267 203 268 202 268 202 269 202 270 202 271 201 271 201 272 200 272 200 273 200 274 199 274 198 274 198 275 198 276 197 276 197 277 197 277 196 277 196 278 195 278 195 279 194 279 194 280 193 280 192 280 191 280 191 281 191 282 190 282 189 282 188 282 188 283 187 283 186 283 185 283 185 284 184 284 184 285 183 285 182 285 181 285 180 285 179 285 179 286 178 286 177 286 176 286 175 286 174 286 173 286 172 286 171 286 170 286 169 286 168 286 168 285 167 285 166 285 165 285 164 285 163 285 163 284 162 284 161 284 161 283 160 283 159 283 156 283 
4 35
231 277 231 277 231 276 232 276 232 275 232 274 232 273 231 273 230 273 229 273 228 273 227 273 227 272 227 271 226 271 225 271 224 271 223 271 222 271 222 270 221 270 221 269 221 268 221 267 221 266 220 266 220 265 219 265 219 264 218 264 217 264 216 264 216 263 215 263 214 263 
5 30
156 283 156 282 156 281 156 280 155 280 154 280 154 279 153 279 153 278 152 278 151 278 151 278 151 277 150 277 149 277 149 276 149 275 149 274 148 274 147 274 147 273 147 272 147 271 146 271 145 271 145 270 144 270 144 269 143 269 142 269 
6 36
142 269 142 268 142 267 141 267 141 266 140 266 140 265 139 265 138 265 138 264 137 264 137 263 137 262 137 261 137 260 137 259 137 258 137 257 137 256 137 255 136 255 135 255 134 255 134 254 134 253 134 252 134 251 134 250 134 249 134 248 134 247 134 246 133 246 133 245 133 244 134 242 
7 95
199 247 199 252 199 253 199 254 198 254 197 254 197 255 197 256 197 257 197 258 196 258 195 258 194 258 193 258 192 258 191 258 191 257 191 256 191 257 191 258 190 258 189 258 188 258 187 258 186 258 185 258 185 257 185 256 185 256 185 257 185 258 184 258 183 258 182 258 181 258 180 258 179 258 178 258 177 258 176 258 176 257 176 256 175 256 174 256 173 256 172 256 172 257 171 257 170 257 169 257 168 257 168 258 167 258 166 258 165 258 164 258 164 259 163 259 162 259 161 259 161 260 160 260 160 261 159 261 158 261 157 261 156 261 155 261 155 262 155 263 155 264 154 264 154 265 154 266 154 267 153 267 152 267 151 267 150 267 149 267 148 267 148 268 148 269 148 270 148 271 147 271 146 271 145 271 145 272 144 272 143 272 142 272 141 272 141 271 142 269 
8 32
214 263 213 263 212 263 211 263 211 262 210 262 210 261 210 260 210 259 209 259 208 259 207 259 206 259 206 258 206 257 206 256 205 256 204 256 204 255 204 254 204 253 204 252 204 251 204 250 204 249 204 248 204 247 203 247 202 247 201 247 200 247 199 247 
9 37
199 247 198 247 197 247 197 246 197 245 197 244 197 243 197 242 197 241 197 240 196 240 195 240 194 240 193 240 192 240 192 239 192 238 192 237 192 236 192 235 191 235 191 234 190 234 190 233 189 233 188 233 187 233 186 233 186 232 186 231 185 231 184 231 183 231 182 231 182 230 182 229 182 228 
10 72
182 228 183 228 183 227 183 226 183 225 183 224 183 223 183 222 183 221 183 220 182 220 182 219 181 219 181 218 181 217 181 216 181 215 180 215 180 214 179 214 179 213 178 213 178 212 178 211 177 211 176 211 176 210 176 209 175 209 175 208 174 208 173 208 173 207 172 207 172 206 172 205 172 204 172 203 172 202 172 201 172 200 171 200 170 200 169 200 169 199 168 199 168 198 168 197 168 196 168 195 168 194 168 193 168 192 168 191 167 191 167 190 167 189 167 188 167 187 167 186 167 185 167 184 167 183 166 183 165 183 165 182 165 181 165 180 165 179 165 178 165 177 165 176 
11 63
165 176 165 175 164 175 164 174 164 173 164 172 164 171 164 170 164 169 164 168 164 167 165 167 165 166 166 166 166 165 166 164 166 163 166 162 166 161 167 161 167 160 167 159 167 158 168 158 168 157 168 156 169 156 169 155 169 154 170 154 170 153 170 152 171 152 171 151 172 151 172 150 173 150 173 149 173 148 174 148 174 147 175 147 175 146 176 146 176 145 176 144 177 144 178 144 178 143 179 143 179 142 180 142 181 142 181 141 182 141 183 141 184 141 184 140 185 140 186 140 187 140 187 139 188 139 
12 90
223 158 222 158 221 158 220 158 219 158 219 159 219 160 219 161 219 162 219 163 219 164 219 165 219 166 219 167 219 168 218 168 217 168 216 168 215 168 215 169 215 170 215 171 214 171 214 172 214 173 214 174 214 175 214 176 213 176 212 176 211 176 211 177 211 177 210 177 209 177 208 177 207 177 206 177 205 177 204 177 203 177 202 177 202 178 201 178 200 178 199 178 198 178 197 178 196 178 195 178 194 178 193 178 192 178 191 178 190 178 189 178 188 178 187 178 187 179 187 180 187 179 187 178 187 177 186 177 185 177 184 177 183 177 182 177 182 176 181 176 180 176 179 176 178 176 177 176 176 176 175 176 175 177 175 176 174 176 173 176 172 176 171 176 170 176 169 176 168 176 167 176 166 176 165 176 164 176 165 176 
13 61
188 139 189 139 190 139 191 139 192 139 193 139 194 139 195 139 196 139 197 139 198 139 199 139 200 139 201 139 202 139 203 139 204 139 203 139 202 139 202 140 202 141 202 142 203 142 203 143 204 143 205 143 205 144 206 144 207 144 207 145 208 145 209 145 210 145 211 145 211 146 211 147 211 148 211 149 210 149 210 150 210 151 210 152 211 152 212 152 212 153 213 153 214 153 215 153 215 154 216 154 217 154 218 154 218 155 219 155 219 156 219 157 220 157 221 157 221 158 222 158 223 158 
14 114
53 168 54 168 55 168 56 168 56 167 56 166 57 166 58 166 59 166 59 165 60 165 61 165 61 164 62 164 62 163 63 163 64 163 64 162 65 162 65 161 66 161 67 161 68 161 69 161 70 161 71 161 71 160 72 160 73 160 74 160 75 160 75 159 76 159 77 159 78 159 79 159 79 158 80 158 81 158 82 158 83 158 84 158 84 157 85 157 86 157 87 157 88 157 89 157 90 157 91 157 92 157 92 156 93 156 94 156 95 156 96 156 97 156 98 156 99 156 100 156 101 156 101 157 102 157 103 157 104 157 104 158 105 158 106 158 107 158 108 158 109 158 110 158 111 158 112 158 112 159 113 159 114 159 115 159 116 159 117 159 117 160 117 161 117 162 117 163 117 164 117 165 118 165 119 165 120 165 121 165 122 165 123 165 124 165 124 166 124 167 125 167 125 168 125 169 126 169 127 169 128 169 128 170 128 171 128 172 128 173 128 174 129 174 129 175 129 176 129 176 130 176 131 176 131 177 131 178 
15 78
131 178 132 178 132 179 132 180 132 181 132 182 132 183 133 183 133 184 133 185 133 186 133 187 134 187 134 188 134 189 135 189 136 189 136 190 136 191 136 192 136 193 136 194 136 195 136 196 137 196 137 197 137 198 137 199 137 200 137 201 137 202 137 203 137 204 137 205 137 206 137 207 137 208 137 209 137 210 137 211 137 212 137 213 137 214 137 215 137 216 137 217 137 218 137 219 137 220 137 221 137 222 136 222 135 222 134 222 133 222 133 223 133 224 132 224 132 225 132 226 132 227 132 228 132 229 132 230 132 231 133 231 133 232 133 233 133 234 133 235 133 236 133 237 133 238 133 239 133 240 134 240 134 241 134 242 
16 104
64 206 64 206 64 205 65 205 65 204 65 203 66 203 67 203 68 203 68 204 69 204 69 205 69 206 69 207 68 207 69 207 70 207 71 207 72 207 73 207 74 207 75 207 76 207 76 206 77 206 78 206 79 206 80 206 81 206 82 206 83 206 84 206 85 206 86 206 87 206 88 206 89 206 90 206 91 206 91 205 91 205 91 204 91 203 91 202 91 201 92 201 93 201 93 200 94 200 94 199 95 199 96 199 97 199 98 199 99 199 100 199 100 198 101 198 102 198 103 198 103 197 104 197 105 197 106 197 106 196 106 195 106 194 107 194 108 194 109 194 110 194 111 194 112 194 113 194 114 194 114 193 115 193 115 192 116 192 117 192 118 192 119 192 119 191 119 190 120 190 121 190 122 190 123 190 123 189 124 189 124 188 124 187 124 186 125 186 126 186 126 185 126 184 126 183 126 182 126 181 126 180 127 180 128 180 131 178 
17 53
64 206 64 205 65 205 65 204 65 203 66 203 66 202 66 201 66 200 66 199 65 199 65 198 65 197 64 197 64 196 63 196 63 195 63 194 63 193 62 193 62 192 61 192 61 191 60 191 59 191 59 190 59 189 59 188 59 187 59 186 59 185 58 185 58 184 57 184 57 183 57 182 57 181 56 181 56 180 56 179 56 178 56 177 56 176 55 176 55 175 55 174 55 173 55 172 54 172 54 171 54 170 53 170 53 169 
18 80
58 301 58 301 57 301 56 301 56 302 55 302 55 303 54 303 53 303 52 303 51 303 50 303 49 303 48 303 47 303 47 304 46 304 45 304 44 304 43 304 42 304 42 305 41 305 40 305 39 305 38 305 38 306 37 306 36 306 35 306 35 307 34 307 33 307 32 307 32 308 31 308 30 308 29 308 29 309 28 309 27 309 26 309 26 310 25 310 24 310 23 310 22 310 22 311 21 311 20 311 20 312 19 312 18 312 17 312 17 313 16 313 15 313 14 313 14 314 13 314 12 314 12 315 11 315 11 316 10 316 9 316 9 317 8 317 7 317 7 318 6 318 5 318 5 319 4 319 3 319 3 320 2 320 2 321 1 321 0 321 
19 404
54 0 54 1 54 2 54 3 54 4 53 4 52 4 52 5 51 5 50 5 50 6 49 6 48 6 48 7 47 7 47 8 46 8 46 9 45 9 45 10 44 10 44 11 43 11 43 12 42 12 42 13 42 14 41 14 41 15 40 15 40 16 39 16 39 17 39 18 38 18 38 19 37 19 37 20 37 21 36 21 36 22 35 22 35 23 34 23 34 24 34 25 33 25 33 26 33 27 32 27 32 28 32 29 32 30 32 31 32 32 32 33 32 34 32 35 31 35 31 36 31 37 31 38 30 38 30 39 30 40 29 40 29 41 29 42 28 42 28 43 27 43 26 43 25 43 25 44 25 45 24 45 24 46 24 47 24 48 24 49 23 49 23 50 23 51 23 52 23 53 23 54 23 55 23 56 22 56 22 57 22 58 22 59 22 60 22 61 21 61 21 62 21 63 21 64 21 65 20 65 20 66 20 67 20 68 20 69 20 70 20 71 20 72 19 72 19 73 19 74 19 75 19 76 19 77 19 78 19 79 19 80 19 81 19 82 18 82 18 83 18 84 18 85 18 86 18 87 18 88 18 89 18 90 18 91 18 92 18 93 18 94 18 95 18 96 17 96 17 97 17 98 17 99 17 100 17 101 17 102 17 103 17 104 17 105 17 106 17 107 17 108 17 109 17 110 17 111 17 112 17 113 17 114 17 115 17 116 17 117 17 118 17 119 17 120 17 121 17 122 17 123 17 124 17 125 17 126 17 127 17 128 17 129 17 130 17 131 17 132 17 133 18 133 18 134 18 135 18 136 18 137 18 138 18 139 18 140 18 141 19 141 19 142 20 142 20 143 20 144 20 145 20 146 21 146 21 147 21 148 21 149 22 149 22 150 22 151 22 152 22 153 22 154 22 155 22 156 22 157 22 158 22 159 23 159 23 160 23 161 23 162 24 162 24 163 24 164 24 165 24 166 24 167 24 168 25 168 25 169 25 170 25 171 25 172 26 172 26 173 26 174 26 175 26 176 26 177 26 178 27 178 27 179 27 180 27 181 27 182 27 183 27 184 28 184 28 185 28 186 28 187 28 188 28 189 28 190 28 191 29 191 29 192 29 193 29 194 29 195 30 195 30 196 30 197 30 198 30 199 30 200 30 201 30 202 30 203 30 204 30 205 30 206 30 207 30 208 30 209 30 210 30 211 30 212 31 212 31 213 31 214 32 214 32 215 33 215 34 215 34 216 34 217 34 218 34 219 34 220 35 220 35 221 35 222 35 223 36 223 36 224 36 225 36 226 36 227 37 227 37 228 37 229 38 229 38 230 38 231 38 232 39 232 39 233 39 234 40 234 40 235 40 236 40 237 41 237 41 238 42 238 42 239 43 239 43 240 43 241 43 242 43 243 43 244 43 245 43 246 43 247 43 248 43 249 43 250 43 251 43 252 43 253 43 254 43 255 43 256 43 257 44 257 44 258 44 259 44 260 45 260 45 261 45 262 45 263 45 264 46 264 47 264 48 264 49 264 50 264 50 265 51 265 52 265 52 266 53 266 53 267 54 267 55 267 56 267 57 267 57 268 58 268 58 269 59 269 60 269 60 270 61 270 62 270 62 271 63 271 63 272 64 272 64 273 65 273 65 274 66 274 67 274 67 275 68 275 68 276 69 276 69 277 70 277 70 278 70 279 70 280 70 281 69 281 69 282 68 282 68 283 68 284 67 284 67 285 67 286 66 286 66 287 65 287 65 288 64 288 64 289 64 290 63 290 63 291 63 292 63 293 62 293 62 294 62 295 62 296 61 296 61 297 61 298 60 298 60 299 59 299 58 299 58 300 58 301 
20 62
58 301 58 302 58 303 58 304 58 305 58 306 58 307 57 307 57 308 57 309 57 310 57 311 57 312 56 312 56 313 55 313 55 314 54 314 54 315 53 315 53 316 53 317 52 317 52 318 52 319 51 319 51 320 51 321 51 322 51 323 50 323 49 323 49 324 48 324 47 324 47 325 46 325 45 325 45 326 44 326 44 327 43 327 43 328 42 328 42 329 41 329 41 330 40 330 40 331 39 331 39 332 39 333 38 333 38 334 38 335 38 336 37 336 37 337 37 338 37 339 37 340 36 340 
21 57
223 158 224 158 224 159 225 159 226 159 227 159 227 160 228 160 229 160 230 160 231 160 232 160 233 160 234 160 235 160 235 161 235 162 236 162 237 162 237 163 238 163 238 164 238 165 239 165 239 166 240 166 241 166 242 166 243 166 243 167 244 167 244 168 245 168 245 169 246 169 247 169 248 169 249 169 248 169 248 170 248 171 248 172 248 173 249 173 249 174 249 175 249 176 249 177 249 178 250 178 251 178 252 178 252 179 252 180 253 180 253 181 253 182 
22 124
253 182 254 182 254 183 254 184 254 185 254 186 255 186 255 187 255 188 255 189 255 190 255 191 255 192 255 193 255 194 255 195 255 196 256 196 256 197 256 198 256 199 256 200 256 201 256 202 256 203 256 204 256 205 256 206 256 207 256 208 256 209 256 210 256 211 256 212 256 213 256 214 256 215 256 216 256 217 256 218 255 218 255 219 255 220 255 221 255 222 255 223 255 224 254 224 254 225 254 226 254 227 254 228 253 228 253 229 253 230 253 231 252 231 252 232 252 233 252 234 252 235 251 235 251 236 251 237 251 238 250 238 250 239 250 240 250 241 249 241 249 242 249 243 248 243 248 244 248 245 248 246 247 246 247 247 247 248 247 249 246 249 246 250 246 251 245 251 245 252 245 253 244 253 244 254 244 255 244 256 243 256 243 257 242 257 242 258 242 259 241 259 241 260 241 261 240 261 240 262 240 263 239 263 239 264 238 264 238 265 238 266 237 266 237 267 237 268 236 268 236 269 236 270 235 270 235 271 234 271 234 272 234 273 233 273 233 274 232 274 232 275 232 276 231 276 231 277 
23 91
319 203 317 203 316 203 315 203 314 203 314 202 313 202 312 202 311 202 310 202 309 202 308 202 308 203 308 202 308 201 307 201 306 201 305 201 304 201 303 201 303 200 303 199 303 198 303 197 302 197 302 196 301 196 300 196 299 196 298 196 297 196 296 196 295 196 295 196 295 195 294 195 293 195 292 195 291 195 290 195 289 195 289 194 288 194 288 193 287 193 286 193 286 192 285 192 284 192 283 192 282 192 282 193 282 192 281 192 280 192 279 192 278 192 277 192 276 192 275 192 275 191 275 190 275 189 275 188 274 188 274 187 273 187 272 187 271 187 270 187 270 186 269 186 269 185 268 185 267 185 266 185 265 185 264 185 263 185 262 185 262 184 261 184 260 184 259 184 259 183 258 183 257 183 256 183 255 183 254 183 253 182 
24 309
214 0 214 1 215 1 216 1 216 2 217 2 217 3 218 3 218 4 219 4 219 5 220 5 220 6 221 6 221 7 222 7 222 8 223 8 223 9 224 9 224 10 225 10 225 11 226 11 226 12 227 12 227 13 228 13 229 13 229 14 229 15 230 15 230 16 230 17 231 17 231 18 232 18 232 19 232 20 233 20 233 21 234 21 234 22 235 22 235 23 236 23 236 24 236 25 237 25 237 26 238 26 238 27 239 27 239 28 239 29 240 29 240 30 241 30 241 31 242 31 242 32 243 32 243 33 243 34 244 34 244 35 244 36 245 36 245 37 246 37 246 38 246 39 247 39 247 40 247 41 248 41 248 42 248 43 249 43 249 44 249 45 250 45 250 46 250 47 251 47 251 48 251 49 252 49 252 50 252 51 253 51 253 52 253 53 254 53 254 54 255 54 255 55 255 56 256 56 256 57 256 58 257 58 257 59 257 60 257 61 258 61 258 62 258 63 259 63 259 64 260 64 260 65 260 66 260 67 261 67 261 68 261 69 262 69 262 70 263 70 263 71 263 72 263 73 263 74 264 74 264 75 264 76 265 76 266 76 267 76 267 77 267 78 268 78 268 79 268 80 269 80 269 81 269 82 269 83 270 83 270 84 270 85 271 85 271 86 271 87 272 87 272 88 272 89 272 90 273 90 273 91 273 92 274 92 274 93 274 94 275 94 275 95 275 96 276 96 276 97 277 97 277 98 277 99 278 99 278 100 278 101 278 102 279 102 279 103 279 104 280 104 280 105 280 106 281 106 281 107 281 108 282 108 282 109 283 109 283 110 283 111 284 111 284 112 284 113 285 113 285 114 285 115 286 115 286 116 286 117 287 117 287 118 287 119 288 119 288 120 288 121 289 121 289 122 289 123 290 123 290 124 291 124 291 125 291 126 292 126 292 127 293 127 293 128 293 129 294 129 294 130 294 131 295 131 295 132 296 132 296 133 296 134 297 134 297 135 297 136 298 136 298 137 298 138 298 139 299 139 299 140 299 141 300 141 300 142 301 142 301 143 301 144 302 144 302 145 302 146 303 146 303 147 303 148 304 148 304 149 304 150 304 151 305 151 305 152 305 153 305 154 306 154 306 155 307 155 307 156 307 157 307 158 307 159 307 160 308 160 308 161 308 162 309 162 309 163 310 163 310 164 310 165 311 165 311 166 311 167 312 167 312 168 312 169 313 169 313 170 313 171 313 172 313 173 313 174 313 175 313 176 314 176 314 177 314 178 315 178 315 179 315 180 316 180 316 181 316 182 316 183 316 184 317 184 317 185 317 186 318 186 318 187 318 188 318 189 318 190 318 191 318 192 318 193 318 194 318 195 318 196 318 197 319 197 319 198 319 199 319 200 319 201 319 202 319 203 
25 170
319 203 319 204 319 205 319 206 319 207 319 208 319 209 319 210 319 211 319 212 319 213 319 214 319 215 319 216 318 216 318 217 318 218 318 219 318 220 318 221 318 222 318 223 318 224 318 225 318 226 318 227 318 228 318 229 318 230 318 231 317 231 317 232 317 233 317 234 317 235 317 236 317 237 317 238 317 239 317 240 318 240 318 241 318 242 318 243 318 244 318 245 318 246 319 246 319 247 320 247 320 248 321 248 321 249 322 249 322 250 323 250 323 251 324 251 324 252 324 253 325 253 325 254 325 255 326 255 326 256 327 256 327 257 328 257 328 258 328 259 329 259 329 260 330 260 330 261 331 261 331 262 332 262 332 263 333 263 334 263 334 264 335 264 335 265 335 266 335 267 336 267 336 268 337 268 337 269 338 269 338 270 339 270 339 271 340 271 340 272 341 272 341 273 342 273 342 274 343 274 344 274 344 275 344 276 345 276 345 277 346 277 346 278 347 278 347 279 347 280 347 281 348 281 348 282 348 283 348 284 348 285 348 286 348 287 348 288 348 289 348 290 347 290 347 291 347 292 347 293 347 294 346 294 346 295 346 296 345 296 345 297 344 297 344 298 344 299 344 300 343 300 343 301 343 302 343 303 344 303 344 304 345 304 346 304 347 304 348 304 349 304 349 305 350 305 351 305 351 306 352 306 353 306 354 306 355 306 355 307 356 307 357 307 358 307 358 308 359 308 360 308 361 308 362 308 362 309 363 309 364 309 365 309 365 308 366 308 367 308 
26 62
139 291 140 291 139 291 139 292 139 293 139 294 139 295 139 296 139 297 139 298 139 299 140 299 140 300 140 301 141 301 141 302 141 303 142 303 142 304 142 305 142 306 142 307 142 308 143 308 143 309 143 310 143 311 144 311 144 312 144 313 144 314 144 315 144 316 144 317 144 318 144 319 144 320 144 321 145 321 145 322 145 323 145 324 145 325 145 326 145 327 146 327 146 328 146 329 147 329 147 330 148 330 148 331 148 332 149 332 149 333 149 334 150 334 150 335 150 336 151 336 151 337 151 338 
27 23
152 300 151 300 151 299 150 299 150 298 149 298 149 297 148 297 148 296 147 296 146 296 146 295 145 295 145 294 144 294 143 294 143 293 142 293 141 293 141 292 140 292 139 292 139 291 
28 163
139 291 138 291 138 290 137 290 136 290 136 289 135 289 135 288 134 288 133 288 133 287 132 287 131 287 131 286 130 286 130 285 129 285 128 285 128 284 127 284 126 284 126 283 125 283 125 282 124 282 123 282 123 281 122 281 122 280 121 280 120 280 120 279 119 279 119 278 118 278 117 278 117 277 116 277 116 276 115 276 115 275 114 275 113 275 113 274 112 274 112 273 111 273 111 272 110 272 109 272 109 271 108 271 108 270 107 270 107 269 106 269 106 268 105 268 105 267 104 267 104 266 103 266 103 265 102 265 102 264 101 264 101 263 100 263 100 262 99 262 99 261 98 261 98 260 98 259 97 259 97 258 96 258 96 257 95 257 95 256 94 256 94 255 93 255 93 254 93 253 92 253 92 252 91 252 91 251 90 251 90 250 89 250 89 249 88 249 88 248 87 248 87 247 86 247 86 246 86 245 85 245 85 244 84 244 84 243 83 243 83 242 83 241 82 241 82 240 81 240 81 239 80 239 80 238 79 238 79 237 79 236 78 236 78 235 77 235 77 234 77 233 76 233 76 232 75 232 75 231 74 231 74 230 74 229 73 229 73 228 73 227 72 227 72 226 71 226 71 225 71 224 70 224 70 223 70 222 69 222 69 221 69 220 68 220 68 219 68 218 67 218 67 217 67 216 66 216 66 215 66 214 65 214 65 213 65 212 64 212 64 211 64 210 63 210 63 209 63 208 63 207 63 206 64 206 
29 100
224 287 224 288 224 289 224 290 224 291 225 291 225 292 225 293 225 294 225 295 226 295 225 295 225 296 225 297 224 297 224 298 224 299 224 300 224 301 224 302 224 303 224 304 223 304 223 305 223 306 223 307 223 308 222 308 222 309 221 309 221 310 221 311 220 311 220 312 219 312 219 313 218 313 218 314 217 314 217 315 216 315 216 316 215 316 215 317 215 318 214 318 214 319 214 320 214 321 214 322 214 323 214 324 215 324 216 324 217 324 217 325 218 325 218 326 219 326 220 326 221 326 221 327 222 327 223 327 223 328 224 328 225 328 226 328 226 329 226 330 227 330 227 331 227 332 227 333 228 333 229 333 230 333 231 333 232 333 233 333 234 333 235 333 235 334 235 333 236 333 237 333 238 333 239 333 240 333 241 333 241 334 242 334 242 335 243 335 243 336 243 337 244 337 244 338 244 339 243 339 
30 18
231 277 231 278 230 278 230 279 229 279 229 280 229 281 228 281 228 282 227 282 227 283 227 284 226 284 226 285 225 285 225 286 225 287 224 287 
31 104
224 287 224 288 223 288 223 289 223 290 222 290 222 291 221 291 221 292 220 292 220 293 220 294 219 294 219 295 218 295 218 296 217 296 217 297 216 297 216 298 215 298 214 298 214 299 213 299 213 300 212 300 212 301 211 301 210 301 210 302 209 302 209 303 208 303 207 303 207 304 206 304 206 305 205 305 205 306 204 306 203 306 202 306 202 307 201 307 201 308 200 308 199 308 198 308 198 309 197 309 196 309 195 309 194 309 193 309 192 309 191 309 190 309 189 309 188 309 187 309 186 309 185 309 184 309 183 309 182 309 181 309 181 308 180 308 179 308 178 308 177 308 176 308 175 308 174 308 173 308 172 308 172 307 171 307 170 307 170 306 169 306 168 306 168 305 167 305 166 305 165 305 164 305 163 305 163 304 162 304 161 304 161 303 160 303 159 303 159 302 158 302 157 302 156 302 155 302 154 302 153 302 153 301 152 301 152 300 
CtrlSeqSet
32
0 8
53 169 0 44 134 0 50 106 0 75 127 0 101 147 0 134 138 0 166 136 0 184 139 0 
1 4
134 243 0 151 243 0 174 236 0 182 225 0 
2 3
154 301 0 156 293 0 157 285 0 
3 5
214 262 0 201 271 0 191 280 0 177 286 0 157 285 0 
4 3
232 276 0 225 271 0 214 262 0 
5 3
157 285 0 150 277 0 141 269 0 
6 3
141 269 0 137 258 0 134 243 0 
7 5
201 246 0 187 258 0 172 257 0 155 263 0 141 269 0 
8 3
214 262 0 203 252 0 201 246 0 
9 3
201 246 0 188 234 0 182 225 0 
10 5
182 225 0 180 214 0 172 204 0 167 191 0 165 176 0 
11 5
165 176 0 166 164 0 170 153 0 176 144 0 184 139 0 
12 5
223 158 0 214 171 0 200 178 0 183 177 0 165 176 0 
13 4
184 139 0 202 142 0 211 152 0 223 158 0 
14 4
53 168 0 82 158 0 116 159 0 131 178 0 
15 5
131 178 0 136 192 0 137 210 0 132 224 0 134 243 0 
16 4
64 206 0 89 206 0 112 194 0 131 178 0 
17 4
64 206 0 63 193 0 57 181 0 53 169 0 
18 4
58 303 0 33 305 0 15 313 0 -2 321 0 
19 21
59 -2 0 44 10 0 36 22 0 31 37 0 23 49 0 20 66 0 18 84 0 17 103 0 17 123 0 19 141 0 22 158 0 26 174 0 29 191 0 30 210 0 36 224 0 42 238 0 43 257 0 53 267 0 66 274 0 66 286 0 58 303 0 
20 4
58 303 0 53 317 0 43 328 0 35 344 0 
21 4
223 158 0 237 163 0 248 169 0 255 183 0 
22 5
255 183 0 256 210 0 251 236 0 242 258 0 232 276 0 
23 5
319 201 0 303 198 0 287 193 0 273 187 0 255 183 0 
24 8
210 -2 0 236 24 0 253 53 0 269 83 0 285 113 0 301 143 0 314 176 0 319 201 0 
25 8
319 201 0 318 227 0 320 248 0 331 262 0 344 274 0 351 290 0 344 304 0 371 311 0 
26 4
136 290 0 142 307 0 145 325 0 152 342 0 
27 3
154 301 0 148 296 0 136 290 0 
28 4
136 290 0 105 268 0 79 237 0 64 206 0 
29 4
222 292 0 219 312 0 226 329 0 243 339 0 
30 3
232 276 0 229 281 0 222 292 0 
31 4
222 292 0 206 305 0 175 308 0 154 301 0 
IfSplit
19
1 1 1 1 1 1 1 1 1 1 1 1 1 1 1 1 1 1 1 
jpt
19
184 139 0 53 169 0 134 243 0 154 301 0 182 225 0 232 276 0 157 285 0 214 262 0 141 269 0 201 246 0 165 176 0 223 158 0 131 178 0 64 206 0 58 303 0 255 183 0 319 201 0 136 290 0 222 292 0 
Seqid
19
221 816 190 359 70 239 18 34 29 31 71 60 113 184 403 56 308 22 17 
splineid
19
0 3
0 11 13 
1 3
0 14 17 
2 3
1 6 15 
3 3
2 27 31 
4 3
1 9 10 
5 3
4 22 30 
6 3
2 3 5 
7 3
3 4 8 
8 3
5 6 7 
9 3
7 8 9 
10 3
10 11 12 
11 3
12 13 21 
12 3
14 15 16 
13 3
16 17 28 
14 3
18 19 20 
15 3
21 22 23 
16 3
23 24 25 
17 3
26 27 28 
18 3
29 30 31 
