CircularSet
21
0 0 0 0 0 0 0 0 0 0 0 0 0 0 0 0 0 0 0 0 0 
ParaSet
21
0.25 0.25 0.25 0.08 0.08 0.08 0.08 0.25 0.25 0.25 0.25 0.08 0.25 0.08 0.08 0.25 0.25 0.08 0.08 0.25 0.25 
SeqSet
21
0 115
292 194 292 193 291 193 291 192 290 192 289 192 288 192 288 193 287 193 287 194 286 194 286 195 286 196 285 196 290 197 290 196 289 196 288 196 287 196 286 196 285 196 284 196 283 196 282 196 281 196 280 196 279 196 278 196 277 196 276 196 275 196 275 197 274 197 274 198 273 198 273 199 272 199 272 200 272 201 271 201 270 201 270 202 269 202 269 203 268 203 268 204 267 204 267 205 266 205 266 206 265 206 264 206 263 206 263 207 262 207 262 208 261 208 261 209 260 209 260 210 260 211 259 211 258 211 258 212 257 212 257 213 256 213 255 213 255 214 254 214 253 214 253 215 253 216 252 216 251 216 251 217 251 218 250 218 250 219 249 219 248 219 248 220 248 221 247 221 246 221 246 222 246 223 245 223 245 224 244 224 244 225 243 225 243 226 243 227 243 228 242 228 241 228 241 229 241 230 241 231 240 231 240 232 240 233 239 233 239 234 239 235 238 235 238 236 237 236 236 236 236 237 235 237 234 237 234 238 234 239 
1 34
234 238 233 238 232 238 231 238 230 238 229 238 228 238 227 238 226 238 225 238 224 238 223 238 222 238 221 238 220 238 219 238 218 238 217 238 216 238 215 238 214 238 213 238 212 238 211 238 210 238 209 238 208 238 207 238 206 238 205 238 204 238 203 238 202 238 202 237 
2 91
234 239 234 240 234 241 234 242 234 243 234 244 234 245 234 246 233 246 233 247 233 248 233 249 232 249 232 250 231 250 231 251 231 252 231 253 231 254 231 255 231 256 231 257 231 258 231 259 231 260 231 261 230 261 230 262 229 262 229 263 229 264 229 265 229 266 229 267 229 268 229 269 229 270 229 271 229 272 229 273 229 274 229 275 229 276 229 277 229 278 229 279 229 280 229 281 230 281 230 282 230 283 230 284 230 285 231 285 231 286 231 287 231 288 232 288 232 289 232 290 232 291 232 292 233 292 233 293 234 293 234 294 234 295 234 296 235 296 235 297 235 298 235 299 236 299 236 300 237 300 237 301 237 302 238 302 238 303 238 304 239 304 239 305 240 305 241 305 241 306 241 307 241 308 242 308 243 308 243 309 243 310 
3 142
164 294 163 294 162 294 162 293 162 292 162 291 162 290 162 289 162 288 162 287 162 286 162 285 162 284 162 283 163 283 164 283 164 282 164 281 164 280 164 279 164 278 165 278 166 278 166 277 166 276 167 276 167 275 167 274 167 273 168 273 169 273 169 272 169 271 170 271 171 271 171 270 171 269 172 269 172 268 173 268 174 268 174 267 175 267 176 267 177 267 178 267 179 267 180 267 181 267 182 267 183 267 183 268 184 268 185 268 185 269 186 269 187 269 188 269 188 270 188 271 189 271 190 271 190 272 190 273 191 273 191 274 192 274 193 274 193 275 193 276 194 276 195 276 195 277 195 278 196 278 197 278 197 279 198 279 198 280 199 280 200 280 201 280 202 280 203 280 204 280 204 279 205 279 205 278 206 278 206 277 206 276 207 276 207 275 207 274 207 273 207 272 207 271 208 271 208 270 209 270 209 269 209 268 209 267 209 266 209 265 209 264 209 263 209 262 209 261 209 260 209 259 209 258 209 257 209 256 209 255 208 255 208 254 207 254 207 253 207 252 207 251 207 250 207 249 206 249 206 248 206 247 206 246 206 245 205 245 205 244 205 243 205 242 204 242 204 241 203 241 203 240 203 239 203 238 203 237 203 236 204 236 202 237 
4 415
92 166 91 165 90 165 89 165 88 165 87 165 86 165 85 165 84 165 83 165 82 165 81 165 80 165 80 166 79 166 78 166 77 166 76 166 75 166 74 166 73 166 72 166 71 166 70 166 69 166 68 166 67 166 67 167 67 168 66 168 65 168 64 168 63 168 63 169 62 169 62 170 61 170 60 170 59 170 58 170 58 171 57 171 56 171 56 172 56 173 55 173 54 173 54 174 53 174 52 174 52 175 51 175 50 175 49 175 49 176 49 177 48 177 47 177 47 178 46 178 45 178 45 179 45 180 44 180 44 181 44 182 43 182 42 182 42 183 41 183 40 183 40 184 40 185 39 185 39 186 38 186 38 187 37 187 37 188 37 189 36 189 36 190 35 190 35 191 35 192 34 192 34 193 34 194 33 194 33 195 32 195 32 196 32 197 31 197 30 197 30 198 30 199 30 200 30 201 30 202 29 202 28 202 28 203 28 204 28 205 28 206 27 206 27 207 27 208 27 209 26 209 25 209 25 210 25 211 25 212 25 213 25 214 25 215 25 216 25 217 25 218 25 219 25 220 25 221 24 221 23 221 23 222 23 223 23 224 23 225 22 225 22 226 22 227 22 228 22 229 22 230 23 230 23 231 24 231 25 231 25 232 25 233 25 234 25 235 25 236 25 237 25 238 25 239 25 240 24 240 23 240 23 241 23 242 23 243 23 244 23 245 24 245 25 245 26 245 26 246 26 247 27 247 27 248 27 249 28 249 29 249 30 249 30 250 30 251 30 252 31 252 32 252 32 253 32 254 33 254 33 255 33 256 34 256 34 257 35 257 35 258 35 259 36 259 37 259 37 260 37 261 37 262 38 262 39 262 39 263 39 264 40 264 40 265 40 266 41 266 41 267 41 268 41 268 42 268 43 268 44 268 44 269 45 269 45 270 45 271 46 271 47 271 47 272 47 273 48 273 49 273 49 274 49 275 49 276 50 276 51 276 51 277 51 278 52 278 52 279 53 279 54 279 54 280 54 281 55 281 56 281 56 282 57 282 57 283 58 283 59 283 59 284 59 285 60 285 61 285 61 286 62 286 63 286 63 287 63 288 64 288 64 289 65 289 65 290 66 290 67 290 67 291 68 291 68 292 68 293 69 293 70 293 70 294 70 295 71 295 71 296 72 296 72 297 73 297 73 298 73 299 74 299 74 300 75 300 76 300 76 301 76 302 77 302 78 302 78 303 78 304 79 304 80 304 80 305 81 305 81 306 81 307 82 307 83 307 83 308 83 309 84 309 85 309 85 310 86 310 87 310 87 311 87 312 88 312 89 312 90 312 90 313 90 314 91 314 92 314 93 314 93 315 93 316 94 316 95 316 95 317 96 317 97 317 97 318 97 319 98 319 99 319 100 319 101 319 101 320 101 321 102 321 103 321 103 322 104 322 104 323 105 323 106 323 106 324 107 324 108 324 109 324 109 325 109 326 110 326 111 326 112 326 113 326 113 327 114 327 114 328 114 327 114 326 115 326 116 326 116 325 116 324 117 324 118 324 119 324 120 324 121 324 121 323 122 323 122 322 123 322 123 321 124 321 124 320 125 320 125 319 126 319 127 319 127 318 127 317 128 317 129 317 130 317 130 316 131 316 131 315 132 315 133 315 133 314 134 314 135 314 135 313 135 312 136 312 137 312 138 312 138 311 138 310 139 310 140 310 140 309 141 309 142 309 142 308 142 307 143 307 144 307 145 307 145 306 145 305 146 305 147 305 148 305 149 305 150 305 150 304 151 304 152 304 152 303 152 302 153 302 154 302 155 302 155 301 155 300 156 300 157 300 157 299 157 298 158 298 158 297 159 297 159 296 159 295 160 295 161 295 162 295 163 295 164 295 164 294 
5 182
202 237 201 237 200 237 200 236 200 235 199 235 198 235 197 235 197 234 197 233 196 233 195 233 194 233 193 233 192 233 191 233 191 232 190 232 190 231 189 231 188 231 187 231 186 231 186 230 185 230 184 230 183 230 183 229 183 228 182 228 181 228 180 228 179 228 178 228 177 228 177 227 177 226 176 226 175 226 174 226 174 225 173 225 172 225 171 225 170 225 169 225 169 224 169 223 168 223 167 223 166 223 166 222 165 222 165 221 164 221 163 221 162 221 162 220 161 220 161 219 160 219 159 219 159 218 158 218 157 218 157 217 156 217 156 216 155 216 154 216 153 216 152 216 151 216 150 216 150 215 150 214 149 214 148 214 148 213 147 213 147 212 146 212 146 211 145 211 144 211 143 211 143 210 143 209 142 209 141 209 140 209 140 208 139 208 139 207 138 207 138 206 137 206 136 206 135 206 135 205 135 204 134 204 133 204 132 204 131 204 131 203 131 202 130 202 130 201 129 201 128 201 128 200 128 199 127 199 126 199 126 198 125 198 124 198 124 197 123 197 123 196 122 196 122 195 121 195 121 194 120 194 119 194 119 193 118 193 118 192 117 192 116 192 116 191 116 190 115 190 114 190 114 189 113 189 113 188 112 188 112 187 111 187 111 186 111 185 110 185 109 185 109 184 109 183 108 183 107 183 107 182 106 182 106 181 105 181 105 180 104 180 104 179 103 179 103 178 102 178 102 177 101 177 101 176 100 176 100 175 99 175 99 174 99 173 98 173 97 173 97 172 97 171 96 171 96 170 95 170 95 169 95 168 94 168 93 168 93 167 93 166 92 166 
6 447
92 166 91 166 90 166 89 166 88 166 88 165 88 164 88 163 88 162 88 161 88 160 88 159 88 158 89 158 89 158 88 158 87 158 87 157 87 156 87 155 87 154 86 154 86 153 85 153 85 152 85 151 85 150 85 149 84 149 84 148 84 147 84 146 83 146 83 145 83 144 82 144 82 143 82 142 82 141 82 140 82 139 82 138 82 137 82 136 82 135 82 134 82 133 82 132 82 131 82 130 82 129 82 128 82 127 82 126 82 125 82 124 82 123 82 122 82 121 82 120 82 119 82 118 82 117 82 116 82 115 82 114 82 113 82 112 82 111 82 110 82 109 82 108 83 108 83 107 83 106 84 106 84 105 85 105 85 104 85 103 85 102 85 101 86 101 87 101 87 100 87 99 87 98 88 98 89 98 90 98 90 97 90 96 90 95 90 94 90 93 91 93 91 92 92 92 92 91 93 91 93 90 93 89 94 89 95 89 95 88 96 88 97 88 97 87 98 87 99 87 99 86 99 85 100 85 100 84 101 84 102 84 102 83 102 82 103 82 104 82 104 81 104 80 105 80 106 80 106 79 107 79 108 79 109 79 110 79 111 79 112 79 113 79 114 79 114 78 114 77 115 77 116 77 117 77 118 77 118 76 119 76 119 75 120 75 121 75 121 74 122 74 123 74 124 74 124 73 125 73 126 73 126 72 127 72 128 72 129 72 130 72 131 72 132 72 132 71 133 71 134 71 135 71 136 71 137 71 138 71 139 71 140 71 140 70 141 70 142 70 143 70 144 70 145 70 146 70 147 70 148 70 149 70 150 70 151 70 152 70 153 70 154 70 155 70 156 70 157 70 158 70 158 71 159 71 160 71 161 71 162 71 163 71 163 72 164 72 165 72 166 72 167 72 168 72 169 72 169 73 170 73 171 73 172 73 172 74 173 74 174 74 175 74 176 74 177 74 178 74 179 74 180 74 181 74 181 75 182 75 183 75 184 75 185 75 186 75 187 75 188 75 188 76 188 77 189 77 190 77 191 77 192 77 193 77 194 77 195 77 195 78 195 79 196 79 197 79 198 79 199 79 200 79 201 79 202 79 202 80 203 80 204 80 205 80 205 81 205 82 206 82 207 82 208 82 209 82 210 82 210 83 210 84 211 84 212 84 213 84 214 84 215 84 215 85 216 85 217 85 217 86 218 86 219 86 219 87 220 87 221 87 221 88 222 88 222 89 223 89 224 89 225 89 225 90 226 90 226 91 227 91 228 91 229 91 230 91 230 92 231 92 231 93 232 93 233 93 233 94 234 94 235 94 236 94 236 95 237 95 237 96 238 96 238 97 239 97 239 98 240 98 241 98 241 99 242 99 243 99 243 100 244 100 244 101 245 101 246 101 246 102 247 102 247 103 248 103 248 104 249 104 249 105 250 105 250 106 251 106 251 107 252 107 253 107 253 108 254 108 255 108 255 109 255 110 256 110 257 110 257 111 258 111 258 112 258 113 259 113 260 113 260 114 260 115 261 115 262 115 262 116 262 117 263 117 263 118 264 118 265 118 265 119 265 120 266 120 267 120 267 121 267 122 268 122 269 122 269 123 270 123 270 124 270 125 271 125 272 125 272 126 272 127 273 127 274 127 274 128 274 129 274 130 275 130 275 131 276 131 276 132 277 132 277 133 277 134 278 134 279 134 279 135 279 136 279 137 280 137 281 137 281 138 281 139 282 139 282 140 283 140 283 141 284 141 284 142 284 143 284 144 285 144 286 144 286 145 286 146 286 147 287 147 287 148 287 149 288 149 288 150 288 151 289 151 289 152 289 153 289 154 290 154 291 154 291 155 291 156 291 157 291 158 291 159 291 160 292 160 293 160 293 161 293 162 293 163 293 164 293 165 293 166 293 167 293 168 293 169 293 170 293 171 293 172 293 173 293 174 293 175 293 176 293 177 293 178 293 179 293 180 292 180 292 181 291 181 291 182 291 183 291 184 291 185 291 186 291 187 291 188 291 189 291 190 291 191 291 192 291 193 292 194 
7 46
243 310 242 309 241 309 241 310 241 311 240 311 239 311 239 312 238 312 237 312 237 313 236 313 236 314 235 314 234 314 233 314 232 314 231 314 231 315 231 316 230 316 229 316 229 317 228 317 227 317 226 317 226 318 226 319 225 319 224 319 224 320 224 321 223 321 222 321 222 322 221 322 220 322 219 322 219 323 218 323 217 323 216 323 215 323 214 323 213 323 212 323 
8 95
212 323 212 324 211 324 211 325 210 325 210 326 209 326 210 326 210 325 211 325 211 324 212 324 212 323 212 322 212 321 212 320 212 319 212 318 212 317 212 316 213 316 213 315 214 315 214 314 214 313 214 312 214 311 214 310 214 309 214 309 213 309 212 309 212 308 212 307 211 307 210 307 209 307 208 307 207 307 206 307 205 307 204 307 203 307 203 306 202 306 201 306 201 305 200 305 199 305 199 304 198 304 197 304 197 303 196 303 195 303 195 302 194 302 193 302 192 302 191 302 190 302 189 302 188 302 187 302 186 302 185 302 184 302 183 302 182 302 181 302 181 301 181 300 180 300 180 299 179 299 179 298 178 298 177 298 176 298 176 297 175 297 174 297 173 297 172 297 171 297 170 297 169 297 168 297 167 297 166 297 166 296 165 296 164 296 163 296 164 294 
9 116
243 310 243 311 244 311 244 312 245 312 245 313 245 314 246 314 246 315 247 315 247 316 248 316 248 317 249 317 250 317 250 318 250 319 251 319 252 319 252 320 253 320 253 321 254 321 254 322 255 322 255 323 255 324 256 324 257 324 258 324 258 325 258 326 259 326 260 326 260 327 261 327 261 328 262 328 262 329 263 329 264 329 264 330 264 331 265 331 266 331 267 331 267 332 268 332 268 333 269 333 270 333 271 333 272 333 272 334 273 334 274 334 275 334 275 335 276 335 276 336 277 336 278 336 279 336 280 336 281 336 282 336 282 337 283 337 283 338 284 338 285 338 286 338 287 338 288 338 289 338 290 338 291 338 291 339 292 339 293 339 293 340 294 340 295 340 296 340 297 340 298 340 299 340 300 340 301 340 302 340 303 340 304 340 305 340 306 340 306 339 307 339 307 338 308 338 309 338 310 338 311 338 312 338 313 338 314 338 315 338 316 338 317 338 317 337 317 336 318 336 319 336 320 336 321 336 321 335 322 335 323 335 
10 83
323 335 323 336 322 336 322 337 322 338 322 339 321 339 321 340 321 341 322 341 322 342 322 343 323 343 324 343 324 344 324 345 325 345 325 346 325 347 325 348 326 348 327 348 327 349 327 350 327 351 327 352 327 353 327 354 327 355 327 356 327 357 327 358 327 359 328 359 328 360 329 360 329 361 329 362 329 363 329 364 329 365 329 366 329 367 330 367 330 368 330 369 330 370 331 370 331 371 332 371 332 372 332 373 332 374 332 375 332 376 333 376 334 376 334 377 334 378 334 379 334 380 334 381 335 381 336 381 336 382 336 383 336 384 336 385 336 386 337 386 337 387 337 388 337 389 337 390 337 391 338 391 339 391 339 392 339 393 339 394 339 395 339 396 339 397 
11 440
339 397 339 398 338 398 338 399 338 400 338 401 339 401 339 402 339 403 339 404 339 405 339 406 339 407 339 408 339 409 339 410 339 411 339 412 339 413 339 414 339 415 339 416 339 417 339 418 338 418 338 419 338 420 337 420 337 421 337 422 337 423 337 424 337 425 337 426 337 427 337 428 337 429 337 430 337 431 337 432 337 433 337 434 337 435 337 436 337 437 337 438 337 439 337 440 336 440 335 440 334 440 334 440 333 440 332 440 331 440 330 440 330 441 329 441 329 442 329 443 329 444 328 444 327 444 327 445 327 446 327 447 327 448 326 448 325 448 325 449 325 450 325 451 324 451 324 452 324 453 323 453 323 454 323 455 323 456 322 456 322 457 322 458 321 458 320 458 320 459 320 460 320 461 320 462 319 462 318 462 318 463 317 463 317 464 317 465 316 465 315 465 315 466 315 467 314 467 313 467 313 468 312 468 312 469 311 469 310 469 310 470 309 470 308 470 308 471 308 472 307 472 306 472 306 473 305 473 305 474 304 474 303 474 303 475 302 475 301 475 301 476 301 477 301 478 301 479 301 480 300 480 299 480 298 480 297 480 296 480 295 480 294 480 293 480 293 481 293 482 292 482 291 482 290 482 289 482 288 482 287 482 286 482 285 482 284 482 283 482 282 482 282 481 282 480 281 480 280 480 279 480 278 480 277 480 276 480 275 480 274 480 273 480 272 480 272 481 271 481 270 481 269 481 269 482 268 482 267 482 266 482 265 482 265 483 265 484 264 484 263 484 263 485 262 485 261 485 260 485 259 485 258 485 257 485 257 484 256 484 255 484 254 484 253 484 252 484 251 484 250 484 249 484 248 484 248 483 248 482 247 482 246 482 245 482 244 482 243 482 242 482 241 482 241 481 241 480 240 480 239 480 238 480 238 479 237 479 236 479 236 478 236 477 235 477 234 477 233 477 232 477 232 476 231 476 231 475 230 475 229 475 229 474 228 474 227 474 227 473 226 473 226 472 225 472 224 472 224 471 224 470 223 470 222 470 222 469 222 468 221 468 221 467 220 467 219 467 219 466 219 465 218 465 217 465 217 464 217 463 216 463 216 462 215 462 215 461 214 461 214 460 213 460 213 459 212 459 212 458 212 457 212 456 211 456 210 456 210 455 210 454 209 454 209 453 208 453 208 452 207 452 207 451 207 450 206 450 206 449 205 449 205 448 204 448 204 447 203 447 203 446 202 446 202 445 202 444 202 443 201 443 200 443 200 442 200 441 200 440 200 439 199 439 198 439 198 438 198 437 198 436 197 436 197 435 197 434 196 434 196 433 195 433 195 432 195 431 194 431 194 430 193 430 193 429 193 428 193 427 192 427 192 426 192 425 192 424 191 424 191 423 191 422 190 422 190 421 190 420 190 419 190 418 190 417 190 416 190 415 190 414 190 413 190 412 189 412 188 412 188 411 188 410 188 409 188 408 188 407 188 406 188 405 188 404 188 403 188 402 188 401 188 400 188 399 188 398 188 397 188 396 188 395 188 394 188 393 188 392 188 391 188 390 188 389 188 388 188 387 188 386 188 385 188 384 188 383 188 382 188 381 188 380 188 379 187 379 186 379 185 379 185 378 185 377 185 376 185 375 185 374 186 374 186 373 186 372 187 372 188 372 188 371 188 370 189 370 189 369 190 369 190 368 190 367 191 367 191 366 191 365 192 365 192 364 192 363 192 362 192 361 191 361 191 360 191 359 191 358 191 357 192 357 193 357 194 357 195 357 195 356 195 355 196 355 196 354 197 354 197 353 197 352 198 352 198 351 198 350 199 350 200 350 200 349 200 348 200 347 200 346 201 346 201 345 202 345 202 344 202 343 203 343 204 343 205 343 205 342 205 341 205 340 205 339 205 338 206 338 207 338 207 337 207 336 207 335 207 334 207 333 207 332 207 331 207 330 207 329 207 328 208 328 208 327 209 327 209 326 210 326 210 325 211 325 211 324 212 323 
12 113
323 335 324 335 325 335 326 335 326 334 326 333 327 333 328 333 329 333 330 333 331 333 331 332 331 331 332 331 333 331 334 331 334 330 334 329 335 329 336 329 337 329 337 328 338 328 338 327 338 326 339 326 340 326 341 326 341 325 341 324 342 324 343 324 344 324 345 324 345 323 346 323 346 322 346 321 347 321 348 321 349 321 349 320 349 319 350 319 351 319 351 318 351 317 352 317 353 317 353 316 354 316 354 315 354 314 355 314 356 314 356 313 356 312 357 312 358 312 359 312 360 312 361 312 361 311 362 311 362 310 363 310 363 309 364 309 365 309 365 308 365 307 365 306 365 305 366 305 367 305 367 304 367 303 368 303 368 302 369 302 370 302 370 301 370 300 370 299 370 298 370 297 370 296 370 295 370 294 370 293 370 292 370 291 371 291 372 291 372 290 372 289 372 288 372 287 372 286 372 285 372 284 372 283 372 282 372 281 372 280 372 279 372 278 372 277 372 276 372 275 373 275 373 274 373 273 
13 165
373 273 375 273 376 273 377 273 378 273 379 273 380 273 381 273 382 273 383 273 384 273 385 273 386 273 387 273 388 273 389 273 389 274 390 274 391 274 392 274 393 274 394 274 394 275 394 276 395 276 396 276 397 276 398 276 399 276 400 276 401 276 402 276 403 276 404 276 405 276 406 276 407 276 408 276 409 276 409 277 410 277 410 278 411 278 412 278 413 278 414 278 415 278 416 278 417 278 418 278 419 278 420 278 421 278 422 278 423 278 424 278 425 278 426 278 426 279 427 279 427 280 428 280 428 281 429 281 430 281 431 281 432 281 432 282 432 283 433 283 433 284 433 285 434 285 435 285 436 285 437 285 437 286 438 286 438 287 439 287 440 287 440 288 441 288 442 288 442 289 442 290 443 290 444 290 444 291 445 291 445 292 446 292 447 292 447 293 448 293 449 293 449 294 449 295 450 295 450 296 451 296 451 297 452 297 452 298 453 298 453 299 454 299 454 300 454 301 455 301 456 301 456 302 457 302 457 303 458 303 458 304 459 304 459 305 460 305 460 306 461 306 461 307 461 308 461 309 462 309 463 309 463 310 463 311 464 311 464 312 465 312 466 312 466 313 466 314 466 315 466 316 467 316 468 316 468 317 468 318 469 318 469 319 469 320 469 321 470 321 471 321 471 322 471 323 472 323 473 323 473 324 473 325 473 326 474 326 475 326 475 327 475 328 476 328 476 329 476 330 476 331 477 331 478 331 478 332 478 333 
14 407
478 333 479 333 479 334 479 335 480 335 480 336 480 337 480 338 481 338 481 339 482 339 482 340 482 341 483 341 483 342 483 343 484 343 484 344 484 345 484 346 484 347 485 347 486 347 487 347 487 348 487 349 487 350 487 351 487 352 487 353 487 354 488 354 488 355 488 356 488 357 488 358 489 358 489 359 490 359 491 359 492 359 493 359 494 359 494 360 494 361 494 362 494 363 493 363 493 364 493 365 493 366 493 367 493 368 493 369 494 369 494 370 495 370 495 371 495 372 496 372 496 373 496 374 496 375 496 376 496 376 497 376 497 377 498 377 498 378 498 379 499 379 499 380 499 381 499 382 499 383 499 384 499 385 499 386 499 387 499 388 499 389 499 390 500 390 500 391 500 392 500 393 500 394 501 394 501 395 501 396 501 397 501 398 502 398 502 399 502 400 502 401 502 402 502 403 502 404 502 405 502 406 502 407 502 408 502 409 502 410 502 411 502 412 503 412 503 413 503 414 503 415 504 415 504 416 504 417 504 418 504 419 504 420 504 421 504 422 503 422 502 422 502 423 501 423 500 423 500 424 500 425 500 426 500 427 500 428 499 428 499 429 499 430 499 431 498 431 497 431 497 432 497 433 497 434 497 435 497 436 496 436 495 436 495 437 495 438 495 439 495 440 495 441 494 441 494 442 494 443 494 444 493 444 493 445 492 445 492 446 491 446 490 446 490 447 490 448 490 449 489 449 488 449 488 450 488 451 488 452 488 453 488 454 488 455 488 456 487 456 486 456 485 456 485 457 484 457 483 457 483 458 482 458 481 458 481 459 481 460 480 460 480 461 480 462 479 462 478 462 477 462 476 462 475 462 474 462 473 462 472 462 471 462 471 463 470 463 469 463 469 464 469 465 468 465 467 465 466 465 465 465 464 465 464 466 464 467 463 467 462 467 461 467 460 467 460 468 459 468 458 468 457 468 456 468 455 468 454 468 454 469 454 470 453 470 452 470 451 470 450 470 449 470 448 470 447 470 446 470 445 470 444 470 443 470 442 470 441 470 440 470 439 470 439 471 438 471 437 471 436 471 435 471 434 471 433 471 432 471 431 471 430 471 430 470 429 470 428 470 427 470 426 470 425 470 425 469 424 469 424 468 423 468 422 468 421 468 421 467 420 467 419 467 418 467 417 467 416 467 415 467 414 467 414 466 413 466 413 465 412 465 411 465 411 464 410 464 410 463 409 463 408 463 407 463 406 463 406 462 405 462 404 462 404 461 403 461 403 460 402 460 401 460 400 460 400 459 399 459 399 458 398 458 397 458 396 458 396 457 396 456 395 456 394 456 394 455 393 455 392 455 392 454 392 453 391 453 390 453 389 453 389 452 389 451 388 451 387 451 387 450 386 450 385 450 385 449 385 448 384 448 383 448 383 447 382 447 382 446 381 446 381 445 380 445 380 444 379 444 379 443 378 443 378 442 377 442 377 441 376 441 375 441 375 440 375 439 374 439 373 439 373 438 373 437 372 437 372 436 371 436 370 436 370 435 370 434 369 434 368 434 368 433 368 432 367 432 367 431 366 431 366 430 365 430 365 429 364 429 363 429 363 428 363 427 362 427 362 426 361 426 361 425 360 425 360 424 359 424 359 423 359 422 358 422 358 421 358 420 357 420 356 420 356 419 355 419 355 418 354 418 354 417 353 417 353 416 353 415 352 415 351 415 351 414 351 413 351 412 350 412 350 411 349 411 349 410 349 409 348 409 348 408 347 408 347 407 346 407 346 406 346 405 346 404 346 403 345 403 344 403 344 402 344 401 344 400 343 400 342 400 342 399 342 398 341 398 341 397 340 397 339 397 
15 53
373 273 373 272 374 272 374 271 374 270 374 269 375 269 375 268 375 267 375 266 375 265 375 264 375 263 375 262 375 261 375 260 375 259 375 258 375 257 375 256 375 255 375 254 375 253 375 252 375 251 375 250 375 249 375 248 374 248 373 248 373 247 372 247 372 246 372 245 372 244 372 243 372 242 371 242 371 241 371 240 370 240 370 239 370 238 370 237 369 237 369 236 369 235 369 234 368 234 368 233 368 232 368 231 368 230 
16 108
368 230 370 230 371 230 372 230 373 230 374 230 375 230 375 229 375 228 376 228 377 228 377 227 377 226 378 226 379 226 380 226 381 226 382 226 382 225 383 225 384 225 385 225 385 224 385 223 385 222 385 221 385 220 385 219 385 218 385 217 385 216 385 215 385 214 386 214 387 214 388 214 389 214 389 213 389 212 389 211 389 210 389 209 390 209 391 209 392 209 392 208 392 207 392 206 392 205 393 205 394 205 395 205 396 205 397 205 398 205 399 205 400 205 401 205 402 205 403 205 404 205 404 204 404 203 404 202 404 201 404 200 404 199 404 198 404 197 404 196 404 195 405 195 406 195 407 195 408 195 409 195 410 195 411 195 412 195 413 195 413 194 414 194 414 193 414 192 414 191 415 191 416 191 417 191 418 191 418 190 419 190 420 190 420 189 421 189 421 188 422 188 422 187 423 187 423 186 424 186 425 186 426 186 427 186 427 185 428 185 428 184 429 184 430 184 
17 409
430 184 430 183 430 182 430 181 431 181 431 180 432 180 433 180 434 180 435 180 436 180 437 180 438 180 438 181 438 182 439 182 440 182 441 182 442 182 443 182 444 182 445 182 446 182 447 182 448 182 449 182 449 181 450 181 451 181 452 181 453 181 454 181 455 181 455 182 456 182 457 182 458 182 459 182 460 182 461 182 462 182 463 182 464 182 465 182 465 183 466 183 466 184 466 185 467 185 468 185 469 185 470 185 471 185 472 185 473 185 474 185 475 185 476 185 477 185 478 185 478 186 478 187 479 187 480 187 480 188 481 188 482 188 483 188 484 188 485 188 486 188 487 188 488 188 489 188 490 188 490 189 491 189 492 189 493 189 493 190 494 190 495 190 496 190 497 190 498 190 499 190 500 190 501 190 501 191 501 192 502 192 503 192 504 192 504 193 504 194 505 194 506 194 507 194 507 195 508 195 508 195 509 195 510 195 511 195 512 195 513 195 514 195 515 195 515 196 516 196 516 197 517 197 517 198 518 198 518 199 519 199 519 200 520 200 520 201 521 201 521 202 522 202 523 202 524 202 525 202 526 202 526 203 526 204 526 205 526 206 526 207 526 208 526 209 526 210 526 211 526 212 526 213 527 213 527 214 528 214 529 214 530 214 530 215 531 215 531 216 532 216 533 216 533 217 533 218 534 218 535 218 536 218 537 218 538 218 539 218 540 218 541 218 542 218 543 218 544 218 545 218 546 218 547 218 547 219 547 220 547 221 548 221 548 222 548 223 549 223 550 223 550 224 550 225 551 225 552 225 553 225 554 225 555 225 556 225 557 225 557 226 557 227 557 228 557 229 557 230 557 231 557 232 557 233 557 234 557 235 557 236 557 237 557 238 558 238 557 238 557 239 557 240 557 241 557 242 557 243 557 244 557 245 558 245 559 245 560 245 561 245 562 245 563 245 564 245 565 245 565 246 565 247 565 248 564 248 564 249 564 250 564 251 564 252 564 253 564 254 564 255 564 256 565 256 566 256 566 257 567 257 568 257 568 258 568 259 568 260 568 261 569 261 569 262 570 262 570 263 571 263 571 264 572 264 572 265 572 266 572 267 572 268 572 269 571 269 571 270 571 271 571 272 571 273 571 274 571 275 571 276 570 276 569 276 568 276 567 276 566 276 566 277 566 278 565 278 564 278 564 279 564 280 564 281 563 281 562 281 562 282 562 283 561 283 560 283 560 284 559 284 559 285 559 286 558 286 557 286 557 287 557 288 556 288 556 289 555 289 555 290 555 291 554 291 554 292 554 293 553 293 552 293 552 294 552 295 551 295 551 296 550 296 550 297 550 298 550 299 549 299 549 300 548 300 548 301 548 302 547 302 547 303 547 304 546 304 546 305 545 305 545 306 545 307 545 308 545 309 544 309 543 309 543 310 543 311 543 312 542 312 542 313 542 314 541 314 541 315 540 315 540 316 540 317 540 318 540 319 540 320 539 320 539 321 538 321 538 322 538 323 538 324 538 325 538 326 537 326 536 326 535 326 535 327 535 328 535 329 534 329 533 329 532 329 531 329 530 329 529 329 528 329 527 329 526 329 525 329 525 328 525 327 525 326 524 326 523 326 522 326 521 326 520 326 519 326 518 326 518 327 518 328 517 328 516 328 516 329 515 329 514 329 513 329 513 330 512 330 511 330 510 330 509 330 508 330 507 330 506 330 505 330 504 330 503 330 502 330 501 330 500 330 499 330 498 330 497 330 497 331 496 331 495 331 494 331 493 331 492 331 491 331 490 331 489 331 488 331 488 332 488 333 488 332 487 332 486 332 485 332 484 332 483 332 482 332 481 332 480 332 479 332 479 333 478 333 
18 569
313 195 312 194 311 194 310 194 310 193 310 192 310 191 310 190 310 189 310 188 310 187 310 186 310 185 311 185 312 185 312 184 313 184 313 183 313 182 314 182 315 182 315 181 315 180 315 179 315 178 316 178 317 178 317 177 317 176 317 175 317 174 318 174 319 174 320 174 321 174 322 174 321 174 320 174 320 173 319 173 319 172 318 172 318 171 318 170 318 169 318 168 317 168 317 167 317 166 317 165 316 165 315 165 315 164 315 163 315 162 315 161 315 160 315 159 315 158 314 158 314 157 314 156 313 156 312 156 311 156 310 156 310 155 310 154 310 153 310 152 310 151 310 150 310 149 310 148 310 147 310 146 310 145 310 144 310 143 310 142 310 141 310 140 310 139 310 138 310 137 310 136 310 135 310 134 310 133 310 132 310 131 310 130 310 129 310 128 310 127 310 126 310 125 310 124 310 123 310 122 311 122 312 122 313 122 314 122 315 122 315 121 315 120 315 119 315 118 315 117 315 116 315 115 315 114 315 113 316 113 317 113 317 112 317 111 317 110 318 110 318 109 318 108 318 107 318 106 318 105 319 105 319 104 320 104 320 103 320 102 320 101 320 100 320 99 320 98 320 97 320 96 321 96 322 96 322 95 322 94 322 93 322 92 323 92 324 92 324 91 324 90 325 90 325 89 325 88 325 87 325 86 325 85 325 84 325 83 326 83 327 83 327 82 327 81 327 80 327 79 327 78 327 77 328 77 328 76 329 76 329 75 330 75 330 74 331 74 331 73 332 73 332 72 332 71 332 70 332 69 332 68 332 67 332 66 332 65 332 64 332 63 332 62 333 62 333 61 333 60 334 60 334 59 334 58 334 57 334 56 334 55 335 55 336 55 337 55 337 54 337 53 337 52 337 51 337 50 338 50 339 50 340 50 341 50 342 50 343 50 344 50 344 49 344 48 345 48 346 48 346 47 346 46 347 46 347 45 348 45 348 44 349 44 349 43 349 42 349 41 350 41 351 41 351 40 351 39 352 39 353 39 353 38 354 38 354 37 354 36 355 36 356 36 356 35 356 34 357 34 358 34 358 33 358 32 359 32 360 32 360 31 361 31 361 30 361 29 362 29 363 29 363 28 364 28 365 28 365 27 366 27 367 27 367 26 368 26 368 25 369 25 370 25 370 24 371 24 372 24 372 23 373 23 373 22 374 22 375 22 375 21 376 21 377 21 377 20 377 19 377 18 377 17 377 16 378 16 378 16 378 15 379 15 380 15 381 15 382 15 383 15 384 15 385 15 386 15 387 15 388 15 389 15 390 15 391 15 392 15 393 15 394 15 395 15 396 15 397 15 398 15 399 15 400 15 401 15 402 15 403 15 404 15 405 15 406 15 407 15 408 15 409 15 410 15 411 15 412 15 413 15 414 15 414 14 415 14 416 14 417 14 418 14 419 14 420 14 420 15 420 16 420 17 421 17 422 17 422 18 422 19 423 19 424 19 425 19 426 19 427 19 428 19 429 19 430 19 430 20 431 20 432 20 432 21 432 22 433 22 433 23 433 24 434 24 435 24 435 25 436 25 436 26 437 26 437 27 438 27 439 27 439 28 439 29 440 29 441 29 442 29 443 29 444 29 444 30 444 31 444 32 445 32 445 33 445 34 446 34 447 34 447 35 447 36 447 37 448 37 448 38 449 38 449 39 450 39 450 40 450 41 451 41 451 42 452 42 452 43 452 44 453 44 453 45 453 46 454 46 454 47 455 47 455 48 456 48 456 49 456 50 456 51 457 51 457 52 457 53 458 53 458 54 458 55 459 55 459 56 459 57 459 58 460 58 461 58 461 59 461 60 461 61 461 62 461 63 462 63 462 64 462 65 463 65 463 66 463 67 464 67 464 68 464 69 464 70 464 71 464 72 464 73 464 74 464 75 464 76 464 77 464 78 464 79 465 79 465 80 465 81 466 81 466 82 466 83 466 84 466 85 466 86 466 87 466 88 466 89 466 90 466 91 466 92 466 93 466 94 466 95 466 96 466 97 466 98 466 99 466 100 466 101 466 102 466 103 466 104 466 105 466 106 466 107 466 108 466 109 466 110 465 110 465 111 465 112 465 113 465 114 465 115 465 116 465 117 465 118 465 119 465 120 465 121 465 122 465 123 465 124 465 125 466 125 466 126 466 127 466 128 466 129 466 130 466 131 466 132 466 133 466 134 466 135 466 136 466 137 466 138 466 139 465 139 464 139 464 140 464 141 464 142 464 143 464 144 464 145 464 146 464 147 463 147 462 147 461 147 460 147 459 147 458 147 457 147 457 148 457 149 457 150 457 151 457 152 457 153 457 154 456 154 455 154 454 154 453 154 452 154 452 155 452 156 451 156 451 157 451 158 450 158 450 159 449 159 449 160 449 161 448 161 447 161 447 162 447 163 447 164 446 164 446 165 445 165 445 166 444 166 444 167 444 168 443 168 442 168 442 169 442 170 442 171 441 171 440 171 440 172 440 173 439 173 439 174 438 174 438 175 437 175 437 176 437 177 437 178 436 178 435 178 435 179 435 180 435 181 435 182 435 183 434 183 430 184 
19 91
368 230 367 230 367 229 366 229 366 228 365 228 365 227 365 226 365 225 364 225 363 225 363 224 363 223 362 223 361 223 361 222 361 221 360 221 360 220 360 219 359 219 359 218 358 218 358 217 358 216 357 216 356 216 356 215 356 214 355 214 354 214 354 213 353 213 353 212 352 212 351 212 351 211 350 211 349 211 349 210 349 209 348 209 348 208 348 207 348 206 347 206 346 206 345 206 344 206 343 206 343 205 342 205 342 204 341 204 340 204 339 204 339 203 339 202 338 202 337 202 336 202 336 201 335 201 334 201 334 200 333 200 332 200 332 199 331 199 330 199 329 199 329 198 328 198 327 198 327 197 326 197 325 197 324 197 323 197 322 197 322 196 321 196 321 195 320 195 319 195 318 195 317 195 316 195 315 195 314 195 313 195 
20 22
313 195 312 195 311 195 310 195 310 194 309 194 308 194 307 194 306 194 305 194 304 194 303 194 302 194 301 194 300 194 299 194 298 194 297 194 296 194 295 194 294 194 293 194 
CtrlSeqSet
21
0 5
289 195 0 277 196 0 261 208 0 246 221 0 234 239 0 
1 4
234 239 0 226 238 0 218 238 0 199 236 0 
2 5
234 239 0 231 258 0 229 278 0 234 295 0 243 311 0 
3 13
165 294 0 162 285 0 166 278 0 170 271 0 177 267 0 186 269 0 192 274 0 198 279 0 206 278 0 209 270 0 209 259 0 207 250 0 199 236 0 
4 14
91 163 0 63 169 0 43 182 0 30 202 0 22 227 0 29 249 0 42 268 0 59 284 0 76 300 0 93 316 0 118 324 0 139 313 0 154 302 0 165 294 0 
5 14
199 236 0 192 233 0 183 228 0 172 225 0 162 221 0 153 216 0 144 211 0 135 206 0 128 199 0 119 194 0 112 187 0 105 180 0 98 173 0 91 163 0 
6 14
91 163 0 82 144 0 82 109 0 96 88 0 119 76 0 148 70 0 179 74 0 206 82 0 231 92 0 251 107 0 270 123 0 284 144 0 293 170 0 289 195 0 
7 5
243 311 0 236 313 0 229 317 0 222 321 0 213 327 0 
8 5
213 327 0 214 314 0 201 305 0 181 302 0 165 294 0 
9 5
243 311 0 258 324 0 276 335 0 300 340 0 323 335 0 
10 5
323 335 0 326 348 0 329 365 0 334 380 0 339 397 0 
11 14
339 397 0 337 428 0 325 450 0 310 470 0 287 482 0 259 485 0 232 477 0 214 460 0 200 439 0 190 414 0 188 381 0 195 359 0 207 338 0 213 327 0 
12 5
323 335 0 341 325 0 356 312 0 370 298 0 373 273 0 
13 13
373 273 0 386 274 0 398 275 0 408 276 0 421 278 0 431 281 0 438 287 0 446 292 0 453 298 0 459 305 0 465 312 0 473 321 0 480 333 0 
14 14
480 333 0 488 355 0 496 376 0 502 402 0 500 428 0 489 449 0 471 463 0 446 470 0 419 467 0 396 458 0 379 443 0 363 427 0 349 409 0 339 397 0 
15 5
373 273 0 375 262 0 375 249 0 371 240 0 368 231 0 
16 5
368 231 0 385 219 0 401 206 0 420 194 0 437 182 0 
17 14
437 182 0 455 181 0 484 186 0 506 194 0 526 205 0 545 218 0 557 234 0 566 257 0 566 277 0 556 292 0 543 309 0 523 322 0 497 330 0 480 333 0 
18 14
312 195 0 318 168 0 314 127 0 320 96 0 336 63 0 353 39 0 377 18 0 417 14 0 444 32 0 461 60 0 466 100 0 462 136 0 449 159 0 437 182 0 
19 5
368 231 0 358 218 0 346 207 0 332 200 0 312 195 0 
20 4
312 195 0 305 195 0 298 195 0 289 195 0 
IfSplit
14
1 1 1 1 1 1 1 1 1 1 1 1 1 1 
jpt
14
289 195 0 234 239 0 199 236 0 243 311 0 165 294 0 91 163 0 213 327 0 323 335 0 339 397 0 373 273 0 480 333 0 368 231 0 437 182 0 312 195 0 
Seqid
14
581 100 33 90 139 181 45 115 82 112 164 52 107 90 
splineid
14
0 3
0 6 20 
1 3
0 1 2 
2 3
1 3 5 
3 3
2 7 9 
4 3
3 4 8 
5 3
4 5 6 
6 3
7 8 11 
7 3
9 10 12 
8 3
10 11 14 
9 3
12 13 15 
10 3
13 14 17 
11 3
15 16 19 
12 3
16 17 18 
13 3
18 19 20 
