CircularSet
18
0 0 0 0 0 0 0 0 0 0 0 0 0 0 0 0 0 0 
ParaSet
18
0.18 0.05 0.05 0.05 0.18 0.18 0.18 0.04 0.18 0.18 0.2 0.06 0.05 0.05 0.05 0.05 0.05 0.05 
SeqSet
18
0 196
435 127 434 128 433 128 433 129 433 130 433 131 433 132 433 133 433 134 433 135 433 136 433 137 433 138 432 138 432 139 432 140 432 141 432 142 432 143 432 144 431 144 431 145 431 146 431 147 431 148 431 149 431 150 431 151 430 151 430 152 430 153 430 154 430 155 429 155 429 156 429 157 429 158 429 159 429 160 428 160 428 161 428 162 428 163 428 164 427 164 427 165 427 166 427 167 427 168 426 168 426 169 426 170 426 171 426 172 425 172 425 173 425 174 425 175 424 175 424 176 424 177 424 178 423 178 423 179 423 180 423 181 422 181 422 182 422 183 422 184 421 184 421 185 421 186 421 187 420 187 420 188 420 189 419 189 419 190 419 191 419 192 418 192 418 193 418 194 418 195 417 195 417 196 417 197 416 197 416 198 416 199 416 200 415 200 415 201 415 202 415 203 414 203 414 204 414 205 413 205 413 206 413 207 412 207 412 208 412 209 412 210 411 210 411 211 411 212 410 212 410 213 410 214 410 215 409 215 409 216 409 217 408 217 408 218 408 219 407 219 407 220 407 221 406 221 406 222 406 223 406 224 405 224 405 224 405 225 405 226 404 226 404 227 404 228 403 228 403 229 403 230 402 230 402 231 402 232 401 232 401 233 401 234 400 234 400 235 400 236 399 236 399 237 399 238 398 238 398 239 398 240 397 240 397 241 397 242 396 242 396 243 396 244 395 244 395 245 394 245 394 246 394 247 393 247 393 248 393 249 392 249 392 250 392 251 391 251 391 252 391 253 390 253 390 254 389 254 389 255 389 256 388 256 388 257 388 258 387 258 387 259 386 259 386 260 386 261 385 261 385 262 385 263 384 263 384 264 384 265 383 265 383 266 382 266 382 267 382 268 381 268 
1 309
154 131 154 130 155 130 155 129 156 129 156 128 156 127 156 126 156 125 156 124 157 125 157 126 157 127 157 128 158 128 159 128 160 128 161 128 162 128 163 128 164 128 164 127 165 127 166 127 167 127 168 127 169 127 170 127 171 127 171 126 172 126 173 126 174 126 175 126 176 126 177 126 178 126 179 126 180 126 181 126 182 126 182 125 183 125 184 125 185 125 186 125 187 125 188 125 189 125 190 125 191 125 192 125 193 125 194 125 195 125 195 124 196 124 197 124 198 124 199 124 200 124 201 124 202 124 203 124 204 124 205 124 206 124 207 124 208 124 209 124 210 124 211 124 212 124 213 124 213 123 214 123 215 123 216 123 217 123 218 123 219 123 220 123 221 123 222 123 223 123 224 123 225 123 226 123 227 123 228 123 229 123 230 123 231 123 231 122 231 121 231 120 232 120 233 120 234 120 235 120 236 120 237 120 238 120 239 120 240 120 241 120 242 120 243 120 244 120 245 120 246 120 247 120 248 120 249 120 250 120 251 120 252 120 252 119 253 119 254 119 255 119 256 119 257 119 258 119 259 119 260 119 261 119 262 119 263 119 264 119 265 119 266 119 267 119 268 119 269 119 270 119 271 119 272 119 273 119 274 119 275 119 276 119 277 119 278 119 279 119 280 119 281 119 282 119 283 119 284 119 285 119 286 119 287 119 288 119 289 119 290 119 291 119 292 119 293 119 294 119 295 119 296 119 297 119 298 119 299 119 300 119 301 119 302 119 303 119 304 119 305 119 306 119 307 119 308 119 309 119 310 119 311 119 312 119 313 119 314 119 315 119 316 119 317 119 318 119 319 119 320 119 321 119 322 119 323 119 324 119 325 119 326 119 327 119 328 119 329 119 330 119 331 119 332 119 333 119 334 119 335 119 336 119 337 119 338 119 339 119 340 119 341 119 342 119 343 119 344 119 345 119 346 119 347 119 348 119 349 119 350 119 351 119 352 119 353 119 354 119 355 119 356 119 357 119 358 119 359 119 360 119 361 119 362 119 363 119 364 119 365 119 366 119 367 119 368 119 369 119 370 119 371 119 371 120 372 120 373 120 374 120 375 120 376 120 377 120 378 120 379 120 380 120 381 120 382 120 383 120 384 120 385 120 386 120 387 120 388 120 389 120 390 120 391 120 392 120 393 120 394 120 394 121 395 121 396 121 397 121 398 121 399 121 400 121 401 121 402 121 403 121 404 121 405 121 405 122 406 122 407 122 408 122 409 122 410 122 411 122 412 122 413 122 414 122 415 122 415 123 416 123 417 123 418 123 419 123 420 123 421 123 421 124 422 124 423 124 424 124 425 124 426 124 426 125 427 125 428 125 429 125 429 126 430 126 431 126 432 126 432 127 433 127 434 127 435 127 
2 274
381 268 379 267 380 267 381 267 381 268 381 269 380 269 380 270 380 271 379 271 379 272 378 272 378 273 378 274 377 274 377 275 377 276 376 276 376 277 375 277 375 278 375 279 374 279 374 280 374 281 373 281 373 282 373 283 372 283 372 284 371 284 371 285 371 286 370 286 370 287 369 287 369 288 369 289 368 289 368 290 368 291 367 291 367 292 367 293 367 294 367 295 366 295 365 295 365 296 364 296 364 297 363 297 363 298 362 298 362 299 361 299 361 300 361 301 361 302 360 302 359 302 358 302 357 302 356 302 356 303 355 303 354 303 354 304 353 304 352 304 351 304 350 304 350 305 349 305 348 305 347 305 347 306 346 306 345 306 344 306 343 306 342 306 342 307 341 307 340 307 339 307 338 307 337 307 336 307 335 307 335 308 335 309 335 310 334 310 333 310 332 310 332 311 332 310 331 310 330 310 329 310 328 310 327 310 326 310 325 310 325 311 324 311 323 311 322 311 321 311 320 311 319 311 318 311 317 311 316 311 315 311 314 311 313 311 312 311 311 311 311 312 310 312 309 312 308 312 307 312 306 312 305 312 304 312 303 312 302 312 301 312 300 312 299 312 298 312 297 312 296 312 295 312 294 312 293 312 292 312 291 312 290 312 289 312 288 312 287 312 286 312 285 312 284 312 283 312 282 312 281 312 280 312 279 312 278 312 277 312 276 312 275 312 274 312 273 312 272 312 271 312 270 312 270 311 269 311 268 311 267 311 266 311 265 311 264 311 263 311 262 311 261 311 260 311 259 311 258 311 257 311 257 310 257 309 257 308 256 308 255 308 254 308 253 308 252 308 251 308 250 308 249 308 249 307 248 307 247 307 246 307 245 307 244 307 243 307 242 307 242 306 241 306 240 306 239 306 238 306 238 305 237 305 236 305 235 305 235 306 235 305 234 305 234 304 233 304 232 304 231 304 231 303 230 303 229 303 229 302 228 302 227 302 226 302 225 302 225 301 225 300 225 299 224 299 224 298 223 298 223 297 223 296 222 296 222 295 221 295 221 294 221 293 220 293 220 292 219 292 219 291 219 290 218 290 218 289 218 288 217 288 217 287 216 287 216 286 216 285 215 285 215 284 214 284 214 283 214 282 213 282 213 281 213 280 212 280 212 279 211 279 211 278 211 277 210 277 210 276 209 276 209 275 209 274 208 274 208 273 208 272 207 272 207 271 206 271 205 271 204 271 203 271 202 271 201 271 
3 190
201 271 200 271 200 270 200 269 200 268 200 267 200 266 200 265 200 264 199 264 199 263 199 262 199 261 199 260 198 260 198 259 198 258 198 257 197 257 197 256 196 256 196 255 196 254 195 254 195 253 195 252 194 252 194 251 194 250 193 250 193 249 193 248 193 247 192 247 192 246 191 246 191 245 191 244 190 244 190 243 190 242 189 242 189 241 188 241 188 240 188 239 188 238 187 238 187 237 186 237 186 236 186 235 185 235 185 234 185 233 184 233 184 232 184 231 183 231 183 230 183 229 182 229 182 228 182 227 181 227 181 226 181 225 180 225 180 224 180 223 180 222 179 222 179 221 179 220 178 220 178 219 178 218 177 218 177 217 177 216 177 215 176 215 176 214 176 213 175 213 175 212 175 211 174 211 174 210 174 209 173 209 173 208 173 207 173 206 172 206 172 205 171 205 171 204 171 203 171 202 171 201 170 201 170 200 170 199 169 199 169 198 169 197 168 197 168 196 168 195 168 194 167 194 167 193 167 192 166 192 166 191 166 190 166 189 166 188 165 188 165 187 165 186 164 186 164 185 164 184 164 183 163 183 163 182 163 181 163 180 162 180 162 179 162 178 161 178 161 177 161 176 161 175 161 174 160 174 160 173 160 172 160 171 160 170 160 169 159 169 159 168 159 167 158 167 158 166 158 165 158 164 158 163 157 163 157 162 157 161 157 160 157 159 157 158 156 158 156 157 156 156 156 155 156 154 156 153 156 152 155 152 155 151 155 150 155 149 155 148 155 147 154 147 154 146 154 145 154 144 154 143 154 142 154 141 154 140 154 139 153 139 153 138 153 137 153 136 153 135 153 134 153 133 153 132 153 131 154 131 
4 122
201 271 198 272 197 272 196 272 195 272 194 272 193 272 192 272 191 272 190 272 189 272 188 272 187 272 187 273 186 273 185 273 184 273 183 273 182 273 181 273 180 273 179 273 179 274 178 274 177 274 176 274 175 274 174 274 173 274 172 274 171 274 170 274 170 275 169 275 168 275 167 275 166 275 165 275 164 275 163 275 163 276 162 276 161 276 160 276 159 276 158 276 157 276 157 277 156 277 155 277 154 277 153 277 152 277 152 278 151 278 150 278 149 278 148 278 147 278 147 279 146 279 145 279 144 279 144 280 144 281 143 281 143 280 142 280 141 280 140 280 139 280 138 280 137 280 137 281 136 281 135 281 134 281 133 281 133 282 132 282 131 282 130 282 130 283 129 283 128 283 127 283 126 283 126 284 125 284 124 284 123 284 123 285 122 285 121 285 120 285 120 286 119 286 118 286 118 287 117 287 116 287 116 288 115 288 114 288 114 289 113 289 112 289 112 290 111 290 110 290 110 291 109 291 109 292 108 292 108 293 107 293 107 294 106 294 106 295 105 295 104 295 103 295 
5 128
381 268 381 269 380 269 380 270 380 271 379 271 379 272 379 273 379 274 380 273 380 272 381 272 382 272 383 272 384 272 385 272 386 272 387 272 388 272 389 272 390 272 391 272 391 273 392 273 393 273 394 273 395 273 396 273 397 273 398 273 399 273 400 273 401 273 402 273 403 273 404 273 404 274 405 274 406 274 407 274 408 274 409 274 410 274 411 274 412 274 413 274 414 274 415 274 415 275 416 275 417 275 418 275 419 275 420 275 421 275 421 276 422 276 423 276 424 276 425 276 426 276 427 276 428 276 429 276 429 277 430 277 431 277 432 277 433 277 434 277 435 277 436 277 437 277 437 278 438 278 439 278 440 278 441 278 442 278 443 278 444 278 444 279 445 279 446 279 447 279 448 279 449 279 450 279 450 280 451 280 452 280 453 280 454 280 454 281 455 281 456 281 457 281 458 281 458 282 459 282 460 282 461 282 462 282 463 282 463 283 464 283 465 283 466 283 466 284 467 284 468 284 468 285 469 285 470 285 471 285 472 285 472 286 473 286 474 286 474 287 475 287 476 287 476 288 477 288 478 288 478 289 479 289 480 289 
6 163
3 134 3 133 3 132 3 131 3 130 3 129 3 128 4 128 5 128 6 128 7 128 8 128 9 128 10 128 11 128 12 128 13 128 14 128 15 128 16 128 17 128 18 128 19 128 20 128 21 128 22 128 23 128 24 128 25 128 26 128 27 128 28 128 29 128 30 128 31 128 32 128 33 128 34 128 35 128 36 128 37 128 38 128 39 128 40 128 41 128 42 128 43 128 44 128 45 128 46 128 47 128 48 128 49 128 49 127 50 127 51 127 52 127 53 127 54 127 55 127 56 127 57 127 58 127 59 127 60 127 61 127 62 127 63 127 64 127 65 127 66 127 67 127 68 127 69 127 70 127 70 128 71 128 72 128 73 128 74 128 75 128 76 128 77 128 78 128 79 128 79 127 80 127 81 127 82 127 83 127 84 127 85 127 86 127 87 127 88 127 89 127 90 127 91 127 92 127 93 127 94 127 95 127 96 127 97 127 98 127 99 127 100 127 101 127 102 127 103 127 104 127 105 127 106 127 107 127 108 127 109 127 110 127 111 127 111 128 112 128 113 128 114 128 115 128 116 128 117 128 118 128 119 128 120 128 121 128 122 128 123 128 124 128 125 128 126 128 126 129 127 129 127 130 128 130 129 130 130 130 131 130 132 130 133 130 134 130 135 130 136 130 137 130 138 130 139 130 140 130 141 130 142 130 143 130 144 130 145 130 146 130 147 130 148 130 149 130 150 130 151 130 152 130 154 131 
7 786
497 130 497 129 497 128 497 127 497 126 497 125 497 124 497 123 497 122 497 121 497 120 497 119 497 118 497 117 497 116 497 115 497 114 497 113 497 112 497 111 497 110 497 109 497 108 497 107 497 106 497 105 497 104 497 103 497 102 497 101 497 100 497 99 497 98 497 97 497 96 497 95 497 94 497 93 497 92 497 91 497 90 497 89 497 88 497 87 497 86 497 85 497 84 497 83 497 82 497 81 497 80 497 79 497 78 497 77 497 76 497 75 497 74 497 73 497 72 497 71 497 70 497 69 497 68 497 67 497 66 497 66 497 65 497 64 497 63 497 62 497 61 497 60 497 59 498 59 498 58 498 57 498 56 498 55 498 54 498 53 498 52 498 51 498 50 498 49 498 48 498 47 498 46 498 45 498 44 498 43 498 42 498 41 498 40 498 39 498 38 498 37 498 36 498 35 498 34 498 33 498 32 498 31 498 30 498 29 498 28 498 27 498 26 498 25 498 24 498 23 498 22 498 21 498 20 498 19 498 18 498 17 498 16 498 15 498 14 498 13 498 12 498 11 498 10 498 9 498 8 498 7 498 6 498 5 498 4 498 3 498 2 497 2 496 2 495 2 494 2 494 1 493 1 492 1 491 1 490 1 489 1 488 1 487 1 486 1 485 1 484 1 483 1 482 1 481 1 480 1 479 1 478 1 477 1 476 1 475 1 474 1 473 1 472 1 471 1 470 1 469 1 468 1 467 1 466 1 465 1 464 1 463 1 462 1 461 1 460 1 459 1 458 1 457 1 456 1 455 1 454 1 453 1 452 1 451 1 450 1 449 1 448 1 447 1 446 1 445 1 444 1 443 1 442 1 441 1 440 1 439 1 438 1 437 1 436 1 435 1 434 1 433 1 432 1 431 1 430 1 429 1 428 1 427 1 426 1 425 1 424 1 423 1 423 2 422 2 421 2 420 2 419 2 418 2 417 2 416 2 415 2 414 2 413 2 412 2 411 2 410 2 409 2 408 2 407 2 406 2 405 2 404 2 403 2 402 2 401 2 400 2 399 2 398 2 397 2 396 2 395 2 394 2 393 2 392 2 391 2 390 2 390 3 389 3 388 3 387 3 386 3 385 3 384 3 383 3 382 3 381 3 380 3 379 3 378 3 377 3 376 3 375 3 374 3 373 3 372 3 371 3 370 3 369 3 368 3 367 3 366 3 365 3 364 3 363 3 362 3 362 4 361 4 360 4 359 4 358 4 357 4 356 4 355 4 354 4 353 4 352 4 351 4 350 4 349 4 348 4 347 4 346 4 345 4 344 4 343 4 342 4 341 4 340 4 339 4 338 4 337 4 336 4 335 4 334 4 333 4 332 4 331 4 330 4 329 4 328 4 327 4 326 4 325 4 324 4 323 4 322 4 321 4 320 4 319 4 318 4 317 4 316 4 315 4 314 4 313 4 312 4 311 4 310 4 309 4 308 4 307 4 306 4 305 4 304 4 303 4 302 4 301 4 300 4 299 4 298 4 297 4 296 4 295 4 294 4 293 4 292 4 291 4 290 4 289 4 288 4 287 4 286 4 285 4 284 4 283 4 282 4 281 4 280 4 279 4 278 4 277 4 277 5 277 6 277 7 276 7 275 7 274 7 273 7 272 7 271 7 270 7 269 7 268 7 267 7 266 7 265 7 264 7 263 7 262 7 261 7 260 7 259 7 258 7 257 7 256 7 255 7 254 7 253 7 252 7 251 7 250 7 249 7 248 7 247 7 246 7 245 7 244 7 243 7 242 7 241 7 240 7 239 7 238 7 237 7 236 7 235 7 234 7 233 7 233 8 232 8 231 8 230 8 229 8 228 8 227 8 226 8 225 8 224 8 223 8 222 8 221 8 220 8 219 8 218 8 217 8 216 8 215 8 214 8 213 8 212 8 211 8 210 8 210 9 209 9 208 9 208 10 207 10 206 10 205 10 204 10 203 10 202 10 201 10 201 11 200 11 199 11 198 11 197 11 196 11 195 11 194 11 193 11 192 11 191 11 190 11 189 11 188 11 187 11 186 11 185 11 184 11 183 11 182 11 181 11 180 11 179 11 178 11 177 11 176 11 175 11 174 11 173 11 172 11 171 11 170 11 169 11 168 11 167 11 166 11 165 11 164 11 164 10 163 10 162 10 161 10 160 10 159 10 159 9 158 9 157 9 156 9 155 9 154 9 153 9 152 9 151 9 150 9 149 9 148 9 147 9 146 9 145 9 144 9 143 9 142 9 141 9 140 9 139 9 138 9 137 9 136 9 135 9 134 9 133 9 132 9 131 9 130 9 129 9 128 9 127 9 126 9 125 9 125 8 124 8 123 8 122 8 122 7 121 7 120 7 120 6 119 6 118 6 117 6 116 6 115 6 114 6 113 6 112 6 111 6 110 6 109 6 108 6 107 6 106 6 105 6 104 6 103 6 102 6 101 6 100 6 99 6 98 6 97 6 96 6 95 6 94 6 94 7 93 7 92 7 91 7 90 7 89 7 88 7 87 7 86 7 85 7 84 7 83 7 82 7 81 7 80 7 80 6 80 5 79 5 78 5 77 5 76 5 76 4 75 4 74 4 73 4 72 4 71 4 70 4 69 4 68 4 67 4 66 4 65 4 64 4 63 4 62 4 61 4 60 4 59 4 58 4 57 4 56 4 55 4 54 4 53 4 52 4 51 4 50 4 49 4 48 4 47 4 47 5 47 6 46 6 45 6 44 6 43 6 42 6 41 6 40 6 39 6 38 6 37 6 36 6 35 6 34 6 33 6 32 6 31 6 30 6 29 6 28 6 27 6 26 6 25 6 24 6 23 6 22 6 21 6 20 6 19 6 18 6 17 6 16 6 15 6 14 6 13 6 12 6 11 6 10 6 9 6 8 6 8 5 7 5 6 5 5 5 6 5 7 5 7 6 7 7 7 8 8 8 8 9 8 10 8 11 8 12 8 13 8 14 8 15 8 16 8 17 8 18 8 19 8 20 8 21 8 22 7 22 7 23 7 24 7 25 7 26 7 27 7 28 7 29 7 30 6 30 6 31 6 32 6 33 5 33 5 34 5 35 5 36 5 37 5 38 5 39 5 40 5 41 5 42 5 43 5 44 5 45 5 46 5 47 5 48 5 49 5 50 6 50 6 51 6 52 6 53 6 54 6 55 6 56 6 57 6 58 6 59 6 60 6 61 6 62 6 63 5 63 4 63 4 64 3 64 3 65 3 66 3 67 3 68 3 69 3 70 3 71 3 72 3 73 3 74 3 75 3 76 3 77 3 78 3 79 3 80 3 81 3 82 3 83 3 84 3 85 3 86 3 87 3 88 3 89 3 90 3 91 3 92 3 93 3 94 3 95 3 96 3 97 3 98 3 99 3 100 3 101 3 102 3 103 3 104 3 105 3 106 3 107 3 108 3 109 3 110 3 111 3 112 3 113 3 114 3 115 3 116 3 117 3 118 3 119 3 120 3 121 3 122 3 123 3 124 3 125 3 126 3 127 3 128 3 129 3 130 3 131 3 132 3 133 3 134 
8 68
497 130 497 129 497 128 496 128 495 128 494 128 493 128 493 127 492 127 491 127 490 127 489 127 488 127 487 127 486 127 485 127 484 127 483 127 482 127 481 127 480 127 479 127 478 127 477 127 476 127 475 127 474 127 473 127 472 127 471 127 470 127 469 127 468 127 467 127 466 127 466 126 465 126 464 126 463 126 463 127 462 127 461 127 460 127 459 127 458 127 457 127 456 127 455 127 454 127 453 127 452 127 451 127 450 127 449 127 448 127 447 127 446 127 445 127 444 127 443 127 442 127 441 127 440 127 439 127 438 127 437 127 436 127 435 127 
9 126
103 295 102 295 102 294 102 293 101 293 100 293 99 293 98 293 97 293 96 293 95 293 94 293 93 293 93 292 92 292 91 292 90 292 90 293 89 293 89 294 88 294 87 294 86 294 85 294 84 294 84 295 83 295 82 295 81 295 80 295 79 295 78 295 77 295 76 295 76 296 75 296 75 297 74 297 74 298 73 298 73 299 73 300 72 300 71 300 70 300 69 300 68 300 67 300 66 300 65 300 64 300 63 300 62 300 61 300 60 300 59 300 58 300 57 300 56 300 55 300 54 300 54 299 54 298 53 298 52 298 51 298 50 298 49 298 49 297 48 297 47 297 46 297 45 297 44 297 43 297 42 297 41 297 40 297 39 297 38 297 37 297 36 297 36 298 36 299 35 299 34 299 34 300 33 300 32 300 32 299 31 299 30 299 30 298 29 298 28 298 27 298 27 297 26 297 25 297 24 297 23 297 22 297 21 297 20 297 19 297 18 297 17 297 16 297 15 297 14 297 13 297 12 297 12 298 11 298 10 298 9 298 8 298 8 297 8 296 7 296 6 296 5 296 4 296 3 296 3 295 3 294 
10 174
3 294 3 293 3 292 3 291 3 290 3 289 3 288 3 287 3 286 3 285 3 284 3 283 3 282 3 281 3 281 3 280 3 279 3 278 3 277 3 276 3 275 3 274 3 273 3 272 3 271 3 270 4 270 4 269 4 268 3 268 3 267 3 266 3 265 3 264 3 263 3 262 3 261 3 260 3 259 3 258 3 257 3 256 3 255 3 254 3 253 3 252 3 251 3 250 3 249 3 248 3 247 3 246 3 245 3 244 3 243 3 242 3 241 3 240 3 239 3 238 3 237 4 237 4 236 5 236 5 235 6 235 6 234 6 233 6 232 6 231 6 230 6 229 6 228 6 227 5 227 5 226 5 225 5 224 5 223 5 222 5 221 5 220 5 219 5 218 5 217 5 216 5 215 5 214 4 214 4 213 4 212 4 211 4 210 4 209 4 208 4 207 4 206 4 205 4 204 4 203 4 202 3 202 3 201 3 200 3 199 3 198 3 197 3 196 3 195 3 194 3 193 3 192 3 191 3 190 3 189 3 188 3 187 3 186 3 185 3 184 3 183 3 182 3 181 3 180 3 179 3 178 3 177 3 176 3 175 3 174 3 173 3 172 3 171 3 170 3 169 3 168 3 167 3 166 3 165 3 164 3 163 3 162 3 161 3 160 3 159 3 158 3 157 3 156 3 155 3 154 3 153 2 153 2 152 2 151 2 150 2 149 1 149 1 148 1 147 1 146 1 145 1 144 1 143 2 143 2 142 3 142 3 141 3 140 3 139 3 138 3 137 3 136 3 135 3 134 
11 808
497 287 497 287 497 288 497 289 497 290 497 291 497 292 497 293 498 293 498 294 498 295 498 296 498 297 497 297 496 297 496 298 496 299 496 300 496 301 496 302 496 303 496 304 496 305 496 306 496 307 496 308 496 309 496 310 496 311 496 312 496 313 496 314 496 315 496 316 496 317 496 318 496 319 496 320 496 321 496 322 496 323 496 324 496 325 496 326 496 327 496 328 496 329 496 330 496 331 496 332 496 333 496 334 496 335 496 336 496 337 495 337 495 338 495 339 495 340 495 341 495 342 495 343 495 344 495 345 495 346 495 347 495 348 495 349 495 350 495 351 495 352 495 353 495 354 495 355 495 356 495 357 495 358 495 359 495 360 495 361 495 362 495 363 495 364 495 365 495 366 495 367 495 368 495 369 495 370 495 371 495 372 495 373 495 374 495 375 495 376 495 377 495 378 495 379 495 380 495 381 495 382 495 383 495 384 495 385 495 386 495 387 495 388 495 389 495 390 495 391 496 391 496 391 496 392 496 393 496 394 496 395 496 396 496 397 496 398 496 399 496 400 496 401 496 402 496 403 496 404 496 405 496 406 496 407 496 408 496 409 496 410 496 411 496 412 496 413 496 414 496 415 496 416 496 417 496 418 496 419 496 420 496 421 496 422 496 423 496 424 496 425 496 426 496 427 496 428 496 429 496 430 496 431 496 432 496 433 496 434 496 435 496 436 495 436 495 437 494 437 493 437 492 437 491 437 490 437 489 437 488 437 487 437 486 437 485 437 484 437 483 437 482 437 481 437 480 437 479 437 478 437 477 437 476 437 475 437 474 437 473 437 472 437 471 437 470 437 469 437 468 437 467 437 466 437 465 437 464 437 463 437 462 437 461 437 460 437 459 437 458 437 457 437 456 437 455 437 454 437 453 437 452 437 451 437 450 437 449 437 448 437 447 437 446 437 445 437 444 437 443 437 442 437 441 437 440 437 439 437 438 437 437 437 436 437 435 437 434 437 433 437 432 437 431 437 430 437 429 437 428 437 427 437 426 437 425 437 424 437 423 437 422 437 421 437 420 437 419 437 418 437 417 437 416 437 415 437 414 437 413 437 412 437 411 437 410 437 409 437 408 437 407 437 406 437 405 437 404 437 403 437 402 437 402 438 401 438 400 438 399 438 398 438 397 438 396 438 395 438 394 438 393 438 392 438 391 438 390 438 389 438 388 438 387 438 386 438 385 438 384 438 383 438 382 438 381 438 380 438 379 438 378 438 377 438 376 438 375 438 374 438 373 438 372 438 371 438 370 438 369 438 368 438 368 439 367 439 366 439 365 439 364 439 363 439 362 439 361 439 360 439 359 439 358 439 357 439 356 439 355 439 354 439 353 439 352 439 351 439 350 439 349 439 348 439 347 439 346 439 345 439 344 439 343 439 342 439 341 439 340 439 339 439 338 439 337 439 336 439 335 439 334 439 333 439 332 439 332 438 331 438 330 438 329 438 328 438 327 438 326 438 325 438 324 438 323 438 322 438 321 438 320 438 319 438 318 438 317 438 316 438 315 438 314 438 313 438 312 438 311 438 310 438 309 438 308 438 307 438 306 438 305 438 304 438 303 438 302 438 301 438 300 438 299 438 298 438 297 438 296 438 295 438 294 438 293 438 292 438 291 438 290 438 289 438 288 438 287 438 286 438 285 438 284 438 283 438 282 438 281 438 280 438 279 438 278 438 277 438 276 438 275 438 274 438 273 438 272 438 271 438 270 438 269 438 268 438 267 438 266 438 265 438 264 438 263 438 262 438 261 438 260 438 259 438 258 438 257 438 256 438 255 438 254 438 253 438 252 438 251 438 250 438 249 438 248 438 247 438 246 438 245 438 244 438 243 438 242 438 241 438 240 438 239 438 238 438 237 438 236 438 235 438 234 438 233 438 232 438 231 438 230 438 229 438 228 438 227 438 226 438 226 439 226 438 225 438 224 438 223 438 222 438 221 438 220 438 219 438 218 438 217 438 216 438 215 438 214 438 213 438 212 438 211 438 210 438 209 438 208 438 207 438 206 438 205 438 204 438 203 438 203 437 202 437 201 437 200 437 199 437 198 437 197 437 196 437 195 437 194 437 193 437 192 437 191 437 190 437 189 437 188 437 187 437 186 437 185 437 184 437 183 437 182 437 181 437 180 437 179 437 178 437 177 437 176 437 175 437 174 437 173 437 172 437 171 437 170 437 169 437 168 437 167 437 166 437 165 437 164 437 163 437 162 437 161 437 160 437 159 437 158 437 157 437 156 437 155 437 154 437 153 437 152 437 151 437 150 437 149 437 148 437 147 437 146 437 145 437 144 437 143 437 142 437 141 437 140 437 139 437 138 437 137 437 136 437 135 437 134 437 133 437 132 437 131 437 130 437 129 437 128 437 127 437 126 437 125 437 124 437 123 437 122 437 121 437 120 437 119 437 118 437 117 437 116 437 115 437 114 437 113 437 112 437 111 437 110 437 109 437 108 437 107 437 106 437 105 437 104 437 103 437 102 437 101 437 100 437 99 437 98 437 97 437 96 437 95 437 94 437 93 437 92 437 91 437 90 437 89 437 88 437 87 437 86 437 85 437 84 437 83 437 82 437 81 437 80 437 79 437 78 437 77 437 76 437 75 437 74 437 73 437 72 437 71 437 70 437 69 437 68 437 67 437 66 437 65 437 64 437 63 437 62 437 61 437 60 437 59 437 58 437 57 437 56 437 55 437 54 437 53 437 52 437 51 437 50 437 49 437 48 437 47 437 46 437 45 437 44 437 43 437 42 437 41 437 40 437 39 437 38 437 37 437 36 437 35 437 34 437 33 437 32 437 31 437 30 437 29 437 28 437 27 437 26 437 25 437 24 437 23 437 22 437 21 437 20 437 19 437 18 437 17 437 16 437 15 437 14 437 13 437 12 437 11 437 10 437 9 437 8 437 7 437 7 438 6 438 5 438 4 438 3 438 3 437 3 436 3 435 3 434 3 433 3 432 3 431 3 430 3 429 3 428 3 427 3 426 3 425 3 424 3 423 3 422 3 421 3 420 3 419 3 418 3 417 3 416 3 415 3 414 3 413 3 412 3 411 3 410 3 409 3 408 3 407 3 406 3 405 3 404 3 403 3 402 3 401 3 400 3 399 3 398 3 397 3 396 3 395 3 394 3 393 3 392 3 391 3 390 3 389 3 388 2 388 1 388 1 387 1 386 1 385 1 384 1 383 1 382 1 381 1 380 1 379 1 378 1 377 1 376 1 375 1 374 1 373 1 372 1 371 0 371 1 371 1 370 1 369 1 368 1 367 1 366 1 365 1 364 1 363 1 362 1 361 1 360 1 359 1 358 1 357 1 356 1 355 1 354 1 353 1 352 1 351 1 350 1 349 1 348 1 347 1 346 1 345 1 344 1 343 1 342 1 341 1 340 1 339 1 338 1 337 1 336 1 335 2 335 2 334 2 333 2 332 2 331 2 330 2 329 2 328 2 327 2 326 2 325 2 324 2 323 2 322 2 321 2 320 2 319 2 318 2 317 2 316 2 315 2 314 2 313 2 312 2 311 2 310 2 309 2 308 2 307 3 307 3 306 3 305 3 304 3 303 3 302 3 301 3 300 3 299 3 298 3 297 3 296 3 295 3 294 
12 22
480 289 480 290 481 290 482 290 482 289 483 289 484 289 485 289 486 289 487 289 488 289 489 289 489 288 490 288 491 288 492 288 493 288 494 288 495 288 495 287 496 287 497 287 
13 164
497 287 498 287 498 286 498 285 498 284 498 283 498 282 498 281 498 280 497 280 496 280 496 279 496 278 496 277 496 276 496 275 496 274 496 273 496 272 496 271 496 270 496 269 496 268 496 267 496 266 496 265 496 264 496 263 496 262 496 261 496 260 496 259 496 258 496 257 496 256 496 255 496 254 496 253 496 252 496 251 496 250 496 249 496 248 496 247 496 246 496 245 496 244 496 243 496 242 496 241 496 240 496 239 496 238 496 237 496 236 496 235 496 234 496 233 496 232 496 231 496 230 496 229 496 228 496 227 496 226 496 225 496 224 496 223 496 222 496 221 496 220 496 219 496 218 497 218 497 217 497 216 497 215 497 214 497 213 497 212 497 211 497 210 497 209 497 208 497 207 497 206 497 205 497 204 497 203 497 202 497 201 497 200 497 199 497 198 497 197 497 196 498 196 498 195 498 194 498 193 498 192 498 191 498 190 498 189 498 188 498 187 498 186 498 185 498 184 498 183 497 183 497 182 497 181 497 180 497 179 497 178 497 177 497 176 497 175 497 174 497 173 497 172 497 171 497 170 497 169 497 168 497 167 497 166 497 165 497 164 497 163 497 162 497 161 497 160 497 159 497 158 497 157 497 156 497 155 497 154 497 153 497 152 497 151 497 150 497 149 497 148 497 147 497 146 497 145 497 144 497 143 497 142 497 141 497 140 497 139 497 138 497 137 497 136 497 135 497 134 497 133 497 132 497 131 497 130 
14 22
111 307 111 306 110 306 109 306 109 305 108 305 108 304 107 304 106 304 106 303 105 303 105 302 105 301 105 300 105 299 105 298 105 297 105 296 105 295 104 295 103 295 103 295 
15 542
453 317 452 317 452 318 452 319 452 320 452 321 452 322 452 323 452 324 452 325 452 326 452 327 452 328 452 329 452 330 452 331 452 332 452 333 453 333 454 333 455 333 455 334 455 335 455 336 454 336 453 336 452 336 451 336 450 336 449 336 448 336 447 336 447 337 447 338 447 339 447 340 447 341 446 341 445 341 444 341 443 341 443 342 442 342 441 342 440 342 439 342 438 342 437 342 436 342 435 342 435 341 434 341 433 341 432 341 431 341 430 341 429 341 428 341 427 341 427 342 426 342 426 343 425 343 424 343 423 343 422 343 421 343 421 344 420 344 420 345 419 345 418 345 417 345 417 346 416 346 416 347 415 347 414 347 414 348 413 348 412 348 411 348 410 348 409 348 408 348 407 348 406 348 405 348 404 348 403 348 402 348 402 349 401 349 400 349 399 349 398 349 397 349 396 349 395 349 395 350 394 350 393 350 392 350 392 351 391 351 390 351 389 351 388 351 387 351 386 351 385 351 384 351 383 351 382 351 381 351 380 351 379 351 379 352 379 353 378 353 377 353 376 353 375 353 374 353 373 353 372 353 371 353 370 353 369 353 368 353 367 353 366 353 365 353 365 354 365 355 364 355 363 355 362 355 361 355 360 355 359 355 358 355 357 355 357 356 356 356 355 356 354 356 353 356 352 356 351 356 350 356 349 356 348 356 348 357 347 357 346 357 345 357 344 357 343 357 342 357 341 357 340 357 339 357 338 357 337 357 336 357 335 357 334 357 333 357 332 357 331 357 330 357 330 358 329 358 328 358 327 358 326 358 325 358 324 358 323 358 322 358 321 358 321 359 321 359 320 359 320 360 319 360 318 360 317 360 316 360 315 360 314 360 313 360 312 360 311 360 310 360 309 360 308 360 307 360 306 360 305 360 304 360 303 360 302 360 301 360 300 360 299 360 298 360 297 360 296 360 295 360 294 360 293 360 292 360 291 360 290 360 289 360 288 360 287 360 286 360 285 360 284 360 283 360 282 360 281 360 280 360 279 360 278 360 277 360 276 360 275 360 274 360 273 360 272 360 271 360 270 360 269 360 268 360 267 360 266 360 265 360 264 360 264 361 263 361 262 361 261 361 260 361 259 361 258 361 257 361 256 361 255 361 254 361 253 361 252 361 251 361 250 361 249 361 248 361 247 361 246 361 245 361 244 361 244 360 243 360 242 360 241 360 240 360 239 360 238 360 237 360 236 360 235 360 234 360 233 360 232 360 231 360 230 360 229 360 228 360 227 360 226 360 225 360 224 360 223 360 222 360 221 360 220 360 219 360 218 360 217 360 216 360 215 360 214 360 213 360 212 360 211 360 210 360 209 360 208 360 207 360 206 360 205 360 204 360 203 360 202 360 201 360 200 360 200 359 199 359 198 359 197 359 196 359 195 359 194 359 193 359 192 359 191 359 190 359 189 359 188 359 187 359 186 359 185 359 184 359 183 359 182 359 181 359 180 359 179 359 178 359 178 358 177 358 176 358 175 358 174 358 173 358 172 358 171 358 170 358 169 358 168 358 167 358 166 358 165 358 164 358 164 357 163 357 162 357 161 357 160 357 159 357 158 357 157 357 156 357 155 357 154 357 153 357 153 356 152 356 151 356 150 356 149 356 148 356 147 356 146 356 145 356 144 356 143 356 142 356 141 356 141 355 141 354 140 354 139 354 138 354 137 354 136 354 135 354 135 353 134 353 133 353 132 353 131 353 130 353 129 353 128 353 127 353 127 352 126 352 125 352 124 352 123 352 122 352 121 352 120 352 119 352 119 351 118 351 117 351 116 351 116 350 115 350 115 349 114 349 113 349 112 349 111 349 110 349 109 349 109 348 109 347 108 347 107 347 106 347 106 346 105 346 104 346 103 346 102 346 101 346 101 345 100 345 99 345 98 345 98 344 97 344 96 344 96 343 95 343 94 343 93 343 93 342 92 342 91 342 90 342 89 342 88 342 88 341 87 341 86 341 85 341 84 341 84 340 83 340 83 339 82 339 82 338 82 337 81 337 81 336 80 336 79 336 79 335 78 335 77 335 77 334 76 334 76 333 75 333 75 332 75 331 75 330 75 329 75 328 75 327 74 327 73 327 72 327 72 326 72 325 72 324 71 324 71 323 70 323 70 322 69 322 68 322 69 322 70 322 70 321 71 321 71 320 72 320 73 320 73 319 73 318 74 318 74 317 75 317 76 317 76 316 77 316 78 316 78 315 79 315 79 314 79 313 80 313 81 313 82 313 83 313 84 313 85 313 85 312 86 312 87 312 88 312 88 311 89 311 90 311 91 311 91 310 92 310 93 310 94 310 95 310 96 310 96 309 97 309 97 308 97 307 98 307 99 307 100 307 101 307 102 307 102 306 103 306 104 306 104 305 104 304 105 304 106 304 107 304 108 304 108 305 109 305 109 306 110 306 110 307 111 307 
16 65
480 289 481 291 482 291 482 292 483 292 483 293 484 293 484 294 485 294 485 295 485 296 485 297 485 298 485 299 485 300 485 301 485 302 484 302 484 303 484 304 483 304 483 305 482 305 481 305 481 306 480 306 480 307 479 307 479 308 478 308 477 308 477 309 476 309 476 310 476 310 475 310 474 310 473 310 473 311 472 311 471 311 470 311 470 312 469 312 468 312 467 312 467 313 466 313 465 313 465 314 464 314 463 314 462 314 461 314 461 315 460 315 459 315 458 315 458 316 457 316 456 316 455 316 454 316 454 317 453 317 
17 417
453 317 452 317 451 317 450 317 450 318 449 318 448 318 448 319 448 320 448 321 448 322 448 323 448 324 447 324 446 324 445 324 444 324 443 324 442 324 441 324 441 325 441 324 440 324 439 324 438 324 437 324 436 324 436 325 436 326 436 325 435 325 434 325 433 325 432 325 431 325 431 326 430 326 429 326 428 326 427 326 427 327 426 327 425 327 424 327 423 327 423 328 422 328 421 328 420 328 419 328 418 328 418 329 417 329 416 329 415 329 414 329 413 329 412 329 412 330 411 330 410 330 409 330 408 330 407 330 406 330 405 330 404 330 403 330 402 330 402 331 401 331 400 331 399 331 399 332 398 332 397 332 396 332 396 333 395 333 395 334 394 334 393 334 393 335 392 335 391 335 390 335 390 336 389 336 388 336 387 336 387 337 386 337 385 337 384 337 383 337 383 338 382 338 381 338 380 338 379 338 379 339 378 339 377 339 376 339 375 339 374 339 374 340 373 340 372 340 371 340 370 340 369 340 369 341 368 341 367 341 366 341 365 341 364 341 363 341 363 342 362 342 361 342 360 342 359 342 358 342 357 342 356 342 356 343 355 343 354 343 353 343 352 343 351 343 350 343 349 343 348 343 348 344 347 344 346 344 345 344 344 344 343 344 342 344 341 344 340 344 339 344 338 344 337 344 337 345 336 345 335 345 334 345 333 345 332 345 331 345 330 345 329 345 328 345 327 345 326 345 325 345 325 346 324 346 323 346 322 346 321 346 320 346 319 346 318 346 317 346 316 346 315 346 314 346 313 346 312 346 311 346 310 346 309 346 308 346 307 346 306 346 305 346 304 346 303 346 302 346 301 346 300 346 299 346 298 346 297 346 296 346 295 346 294 346 293 346 292 346 291 346 290 346 289 346 288 346 287 346 286 346 285 346 284 346 283 346 282 346 281 346 280 346 279 346 278 346 277 346 277 345 276 345 275 345 274 345 274 344 274 343 275 343 275 342 275 341 275 340 275 339 275 338 274 338 273 338 272 338 271 338 270 338 269 338 268 338 267 338 266 338 265 338 264 338 263 338 262 338 261 338 260 338 259 338 258 338 257 338 256 338 255 338 254 338 253 338 252 338 252 337 251 337 250 337 249 337 248 337 247 337 246 337 245 337 244 337 243 337 242 337 241 337 240 337 240 336 239 336 238 336 237 336 236 336 235 336 234 336 233 336 232 336 231 336 230 336 229 336 228 336 228 335 227 335 226 335 225 335 224 335 223 335 222 335 221 335 221 334 220 334 219 334 218 334 217 334 216 334 215 334 214 334 214 333 213 333 212 333 211 333 210 333 209 333 208 333 207 333 206 333 205 333 204 333 204 332 203 332 202 332 201 332 200 332 199 332 199 331 198 331 197 331 196 331 195 331 194 331 193 331 193 330 192 330 191 330 190 330 189 330 188 330 187 330 186 330 186 329 185 329 184 329 183 329 182 329 181 329 181 328 180 328 179 328 178 328 177 328 177 327 176 327 175 327 174 327 174 326 173 326 172 326 171 326 171 325 171 324 170 324 169 324 168 324 167 324 166 324 165 324 164 324 163 324 162 324 162 323 161 323 160 323 160 322 159 322 158 322 157 322 156 322 155 322 155 321 154 321 153 321 152 321 151 321 150 321 149 321 149 320 148 320 147 320 146 320 146 319 145 319 144 319 143 319 143 318 142 318 141 318 140 318 139 318 139 317 138 317 137 317 136 317 135 317 135 316 134 316 133 316 132 316 132 315 131 315 130 315 129 315 128 315 128 314 127 314 126 314 126 313 125 313 124 313 123 313 123 312 122 312 121 312 120 312 120 311 119 311 118 311 118 310 117 310 116 310 116 309 115 309 114 309 114 308 113 308 112 308 112 307 111 307 
CtrlSeqSet
18
0 7
433 126 0 429 157 0 421 184 0 412 210 0 401 233 0 389 256 0 383 271 0 
1 21
154 132 0 159 128 0 172 126 0 186 125 0 200 124 0 214 123 0 229 123 0 241 120 0 255 119 0 270 119 0 285 119 0 300 119 0 315 119 0 330 119 0 345 119 0 360 119 0 374 120 0 389 120 0 403 121 0 416 123 0 433 126 0 
2 22
383 271 0 378 274 0 373 282 0 368 290 0 363 298 0 355 303 0 345 306 0 335 309 0 325 310 0 313 311 0 301 312 0 288 312 0 275 312 0 263 311 0 253 308 0 242 306 0 233 304 0 225 299 0 219 292 0 214 284 0 209 276 0 203 268 0 
3 21
203 268 0 199 264 0 197 257 0 194 251 0 191 245 0 188 239 0 185 233 0 182 227 0 179 221 0 176 215 0 173 209 0 171 202 0 168 196 0 166 189 0 163 183 0 161 176 0 159 169 0 157 162 0 156 154 0 154 147 0 154 132 0 
4 7
203 268 0 179 273 0 161 276 0 144 280 0 128 283 0 113 289 0 104 295 0 
5 7
383 271 0 399 272 0 414 274 0 434 277 0 454 280 0 466 283 0 479 288 0 
6 7
4 131 0 26 128 0 54 127 0 81 127 0 110 127 0 136 130 0 154 132 0 
7 27
496 125 0 497 99 0 497 68 0 498 39 0 495 7 0 473 3 0 446 4 0 416 4 0 383 3 0 353 4 0 322 4 0 291 4 0 258 4 0 233 6 0 205 6 0 176 4 0 141 4 0 113 5 0 90 5 0 59 4 0 30 6 0 7 8 0 5 35 0 4 63 0 3 93 0 3 124 0 4 131 0 
8 6
496 125 0 488 127 0 476 127 0 460 126 0 449 126 0 433 126 0 
9 7
104 295 0 86 294 0 70 300 0 50 298 0 32 300 0 13 297 0 3 294 0 
10 6
3 294 0 6 255 0 5 220 0 5 190 0 4 154 0 4 131 0 
11 18
497 291 0 496 331 0 495 378 0 494 428 0 459 436 0 413 437 0 367 436 0 324 435 0 271 436 0 225 437 0 179 437 0 131 437 0 83 437 0 37 436 0 6 426 0 3 373 0 4 329 0 3 294 0 
12 13
479 288 0 480 290 0 481 290 0 482 290 0 482 289 0 483 289 0 484 289 0 485 289 0 486 289 0 487 289 0 488 289 0 489 289 0 497 291 0 
13 21
497 291 0 498 282 0 498 275 0 498 266 0 498 258 0 498 252 0 498 243 0 498 237 0 498 229 0 498 217 0 498 210 0 498 203 0 498 197 0 498 187 0 498 179 0 498 171 0 498 163 0 498 157 0 498 152 0 498 142 0 496 125 0 
14 13
112 310 0 111 306 0 110 306 0 109 306 0 109 305 0 108 305 0 108 304 0 107 304 0 106 304 0 106 303 0 105 303 0 105 302 0 104 295 0 
15 21
454 318 0 451 336 0 431 341 0 411 348 0 387 351 0 364 355 0 339 357 0 316 360 0 289 360 0 263 361 0 237 360 0 210 360 0 184 359 0 159 357 0 135 354 0 113 349 0 93 342 0 75 333 0 73 318 0 92 310 0 112 310 0 
16 20
479 288 0 482 292 0 484 293 0 485 295 0 485 298 0 485 301 0 484 303 0 483 305 0 481 306 0 479 307 0 477 308 0 476 310 0 474 310 0 472 311 0 470 312 0 467 312 0 465 313 0 463 314 0 461 315 0 454 318 0 
17 22
454 318 0 441 325 0 427 327 0 410 330 0 394 334 0 379 339 0 362 342 0 344 344 0 325 345 0 306 346 0 286 346 0 275 339 0 256 338 0 238 336 0 220 334 0 202 332 0 185 329 0 170 324 0 153 321 0 137 317 0 122 312 0 112 310 0 
IfSplit
12
1 1 1 1 1 1 1 1 1 1 1 1 
jpt
12
433 126 0 383 271 0 154 132 0 203 268 0 104 295 0 479 288 0 4 131 0 496 125 0 3 294 0 497 291 0 112 310 0 454 318 0 
Seqid
12
298 195 462 273 121 127 298 184 125 21 480 64 
splineid
12
0 3
0 1 8 
1 3
0 2 5 
2 3
1 3 6 
3 3
2 3 4 
4 3
4 9 14 
5 3
5 12 16 
6 3
6 7 10 
7 3
7 8 13 
8 3
9 10 11 
9 3
11 12 13 
10 3
14 15 17 
11 3
15 16 17 
