CircularSet
32
0 0 0 0 0 0 0 0 0 0 0 0 0 0 0 0 0 0 0 0 0 0 0 0 0 0 0 0 0 0 0 0 
ParaSet
32
0.25 0.25 0.25 0.25 0.25 0.45 0.45 0.25 0.25 0.25 0.25 0.25 0.25 0.25 0.25 0.25 0.25 0.25 0.25 0.25 0.25 0.25 0.25 0.25 0.25 0.25 0.25 0.25 0.25 0.25 0.45 0.25 
SeqSet
32
0 363
407 189 407 190 406 190 406 191 405 191 404 191 403 191 402 191 401 191 400 191 399 191 398 191 398 192 397 192 396 192 396 193 395 193 394 193 393 193 392 193 391 193 391 194 390 194 389 194 388 194 387 194 386 194 385 194 384 194 384 195 383 195 382 195 381 195 380 195 379 195 378 195 378 196 377 196 376 196 375 196 374 196 373 196 372 196 371 196 371 197 370 197 369 197 368 197 367 197 366 197 365 197 364 197 363 197 363 198 362 198 361 198 360 198 359 198 358 198 358 197 357 197 356 197 355 197 354 197 353 197 352 197 352 198 351 198 350 198 349 198 348 198 347 198 346 198 345 198 344 198 343 198 342 198 341 198 340 198 339 198 339 199 338 199 337 199 336 199 335 199 335 200 334 200 333 200 332 200 331 200 330 200 329 200 328 200 327 200 326 200 325 200 324 200 323 200 322 200 321 200 320 200 319 200 318 200 318 201 317 201 316 201 315 201 314 201 313 201 312 201 311 201 310 201 309 201 308 201 307 201 307 202 306 202 305 202 304 202 303 202 302 202 301 202 300 202 299 202 298 202 298 201 297 201 296 201 295 201 295 202 294 202 293 202 292 202 291 202 290 202 289 202 288 202 287 202 286 202 286 203 285 203 284 203 283 203 282 203 281 203 280 203 279 203 279 204 279 205 279 205 279 206 278 206 277 206 276 206 275 206 274 206 273 206 272 206 271 206 270 206 269 206 268 206 267 206 266 206 265 206 264 206 263 206 262 206 261 206 260 206 259 206 258 206 257 206 256 206 255 206 255 205 255 204 255 203 254 203 253 203 252 203 251 203 250 203 249 203 248 203 247 203 246 203 245 203 244 203 243 203 242 203 241 203 240 203 239 203 238 203 237 203 236 203 235 203 234 203 233 203 232 203 231 203 230 203 229 203 228 203 228 204 228 205 227 205 226 205 225 205 224 205 223 205 222 205 221 205 220 205 219 205 218 205 217 205 216 205 215 205 214 205 213 205 212 205 211 205 210 205 209 205 208 205 207 205 207 204 206 204 205 204 204 204 203 204 202 204 201 204 200 204 200 203 199 203 199 202 198 202 197 202 196 202 195 202 194 202 193 202 192 202 191 202 190 202 189 202 188 202 187 202 186 202 185 202 184 202 184 201 184 200 183 200 182 200 181 200 180 200 179 200 179 199 178 199 177 199 176 199 175 199 174 199 173 199 172 199 171 199 170 199 169 199 168 199 168 198 167 198 166 198 165 198 164 198 163 198 162 198 161 198 160 198 159 198 158 198 157 198 156 198 156 197 155 197 154 197 153 197 152 197 151 197 150 197 149 197 148 197 147 197 146 197 145 197 144 197 143 197 142 197 141 197 140 197 139 197 138 197 137 197 136 197 135 197 135 196 134 196 133 196 132 196 131 196 130 196 129 196 128 196 127 196 127 195 126 195 125 195 124 195 123 195 122 195 121 195 120 195 120 194 119 194 118 194 117 194 116 194 115 194 114 194 113 194 112 194 112 193 112 192 111 192 110 192 109 192 108 192 107 192 106 192 105 192 104 192 103 192 102 192 101 192 100 192 99 192 99 191 98 191 97 191 96 191 95 191 94 191 93 191 93 190 93 189 92 189 92 188 92 187 91 187 90 187 
1 136
123 89 123 88 124 88 125 88 126 88 127 88 128 88 129 88 130 88 131 88 132 88 132 87 133 87 134 87 134 86 135 86 136 86 137 86 138 86 139 86 140 86 141 86 142 86 143 86 143 87 144 87 145 87 146 87 147 87 148 87 149 87 150 87 151 87 152 87 153 87 154 87 155 87 156 87 157 87 158 87 159 87 160 87 160 86 161 86 162 86 162 85 162 84 162 83 162 82 163 82 164 82 165 82 166 82 167 82 168 82 169 82 170 82 171 82 172 82 172 81 173 81 174 81 175 81 175 80 176 80 177 80 178 80 179 80 179 79 180 79 181 79 182 79 183 79 184 79 185 79 186 79 187 79 188 79 189 79 190 79 190 78 190 77 191 77 192 77 193 77 194 77 195 77 196 77 197 77 198 77 199 77 200 77 201 77 202 77 203 77 204 77 205 77 206 77 207 77 208 77 209 77 210 77 211 77 212 77 213 77 214 77 215 77 215 76 215 76 215 77 216 77 217 77 218 77 219 77 220 77 221 77 222 77 223 77 224 77 225 77 226 77 227 77 228 77 229 77 230 77 231 77 232 77 233 77 234 77 235 77 236 77 237 77 238 77 239 77 240 77 241 77 
2 17
241 77 242 77 243 77 243 76 244 76 245 76 246 76 247 76 248 76 248 77 249 77 250 77 251 77 252 77 253 77 254 77 255 77 
3 153
255 77 255 76 256 76 257 76 257 75 258 75 259 75 260 75 261 75 261 76 261 77 262 77 263 77 264 77 264 78 265 78 266 78 267 78 268 78 269 78 270 78 271 78 272 78 272 79 272 80 273 80 274 80 275 80 276 80 277 80 278 80 278 81 279 81 280 81 281 81 282 81 283 81 284 81 285 81 286 81 287 81 288 81 289 81 290 81 291 81 292 81 293 81 294 81 295 81 296 81 297 81 298 81 299 81 300 81 301 81 302 81 303 81 304 81 304 82 305 82 305 83 306 83 307 83 308 83 309 83 309 84 310 84 311 84 312 84 313 84 314 84 315 84 316 84 317 84 318 84 319 84 320 84 321 84 322 84 322 85 323 85 324 85 325 85 326 85 327 85 327 86 327 87 328 87 329 87 330 87 331 87 332 87 333 87 334 87 335 87 336 87 337 87 338 87 339 87 340 87 341 87 341 88 342 88 343 88 344 88 344 89 344 90 344 91 344 92 344 93 344 94 345 94 346 94 347 94 348 94 349 94 350 94 351 94 352 94 353 94 354 94 355 94 356 94 357 94 358 94 359 94 360 94 361 94 362 94 363 94 364 94 365 94 366 94 366 95 366 96 367 96 367 97 368 97 368 98 369 98 370 98 371 98 371 97 372 97 372 96 373 96 373 95 374 95 375 95 376 95 377 95 377 94 379 92 
4 21
254 46 253 46 253 45 253 44 253 43 253 42 253 41 254 41 254 40 254 39 254 38 254 37 254 36 254 35 254 34 254 33 254 32 254 31 254 30 255 30 255 29 
5 48
255 77 257 76 257 75 258 75 259 75 259 74 260 74 260 73 261 73 261 72 261 71 262 71 262 70 262 69 263 69 263 68 263 67 263 66 263 65 263 64 263 63 262 63 262 62 262 61 261 61 261 60 261 59 261 58 260 58 260 57 260 56 260 56 259 56 259 55 258 55 258 54 258 53 258 52 257 52 257 51 257 50 256 50 256 49 256 48 255 48 255 47 255 46 254 46 
6 52
254 46 253 46 253 45 252 45 251 45 250 45 249 45 249 46 248 46 248 47 247 47 247 48 247 49 246 49 246 50 246 51 245 51 245 52 245 53 244 53 244 54 244 55 243 55 243 56 243 57 242 57 242 58 242 59 241 59 241 60 241 61 240 61 240 62 240 63 240 64 239 64 239 65 239 66 239 67 239 68 239 69 240 69 240 70 240 71 241 71 241 72 242 72 242 73 242 74 242 75 242 76 241 77 
7 135
386 267 386 267 387 267 387 266 388 266 389 266 390 266 390 265 390 264 391 264 392 264 393 264 394 264 395 264 396 264 397 264 398 264 399 264 400 264 401 264 402 264 403 264 404 264 405 264 406 264 407 264 408 264 409 264 410 264 411 264 412 264 412 265 413 265 414 265 415 265 416 265 417 265 418 265 419 265 420 265 421 265 422 265 422 266 422 267 422 266 423 266 424 266 425 266 426 266 427 266 428 266 429 266 430 266 431 266 432 266 433 266 434 266 435 266 436 266 437 266 438 266 439 266 439 267 440 267 441 267 442 267 443 267 443 268 443 269 443 268 443 267 444 267 445 267 445 266 445 265 446 265 447 265 448 265 449 265 450 265 451 265 452 265 453 265 454 265 455 265 456 265 457 265 458 265 459 265 460 265 461 265 462 265 463 265 464 265 465 265 466 265 467 265 467 266 468 266 468 267 468 266 469 266 470 266 471 266 472 266 473 266 474 266 475 266 476 266 477 266 478 266 479 266 480 266 480 265 481 265 482 265 483 265 484 265 485 265 486 265 487 265 488 265 488 264 489 264 490 264 491 264 492 264 493 264 494 264 495 264 496 264 496 263 497 263 498 263 499 263 
8 108
394 226 395 226 396 226 397 226 398 226 399 226 400 226 401 226 402 226 403 226 404 226 405 226 406 226 406 227 407 227 408 227 409 227 410 227 411 227 412 227 413 227 414 227 415 227 416 227 417 227 418 227 419 227 420 227 421 227 422 227 423 227 424 227 425 227 426 227 427 227 428 227 429 227 430 227 431 227 432 227 433 227 434 227 435 227 436 227 437 227 438 227 439 227 440 227 441 227 442 227 443 227 444 227 445 227 446 227 447 227 448 227 449 227 450 227 451 227 452 227 453 227 454 227 455 227 456 227 457 227 458 227 459 227 460 227 461 227 462 227 463 227 464 227 465 227 466 227 467 227 468 227 469 227 470 227 471 227 472 227 473 227 474 227 475 227 476 227 477 227 478 227 479 227 480 227 481 227 482 227 483 227 484 227 485 227 486 227 487 227 488 227 489 227 490 227 491 227 492 227 493 227 494 227 495 227 496 227 497 227 498 227 499 227 499 226 
9 51
408 190 407 190 406 190 406 191 405 191 405 192 405 193 405 194 404 194 404 195 404 196 403 196 403 197 403 198 403 199 403 200 402 200 402 201 402 202 401 202 401 203 401 204 401 205 400 205 400 206 400 207 400 208 399 208 399 209 399 210 399 211 398 211 398 212 398 213 398 214 397 214 397 215 397 216 397 217 397 218 397 219 396 219 396 220 396 221 396 222 395 222 395 223 395 224 395 225 394 225 394 226 
10 50
394 226 394 227 394 228 393 228 393 229 393 230 393 231 393 232 393 233 393 234 393 235 393 236 392 236 392 237 392 238 392 239 392 240 392 241 392 242 392 243 392 244 392 245 392 246 392 247 391 247 390 247 390 248 390 249 390 250 390 251 390 252 390 253 390 254 390 255 390 256 390 257 390 258 390 259 389 259 388 259 388 260 388 261 388 262 388 263 388 264 388 265 388 266 387 266 387 267 386 267 
11 103
103 230 98 228 97 228 96 228 95 228 94 228 93 228 92 228 91 228 90 228 89 228 88 228 87 228 86 228 85 228 84 228 83 228 82 228 81 228 80 228 79 228 78 228 77 228 76 228 75 228 74 228 73 228 72 228 71 228 70 228 69 228 68 228 67 228 66 228 65 228 64 228 63 228 62 228 61 228 60 228 59 228 58 228 57 228 56 228 55 228 54 228 53 228 52 228 51 228 50 228 49 228 48 228 47 228 46 228 45 228 44 228 43 228 42 228 41 228 40 228 39 228 38 228 37 228 36 228 35 228 34 228 33 228 32 228 32 227 31 227 30 227 29 227 28 227 27 227 26 227 25 227 24 227 24 228 23 228 22 228 21 228 20 228 19 228 18 228 17 228 16 228 15 228 14 228 13 228 12 228 11 228 10 228 9 228 8 228 7 228 6 228 5 228 4 228 3 228 2 228 1 228 0 228 0 227 
12 56
103 230 103 229 103 228 103 227 103 226 103 225 103 224 103 223 102 223 102 222 102 221 102 220 101 220 101 219 101 218 101 217 101 216 100 216 100 215 100 214 100 213 100 212 99 212 99 211 99 210 99 209 99 208 99 207 98 207 98 206 98 205 98 204 97 204 97 203 97 202 97 201 96 201 96 200 96 199 96 198 95 198 95 197 95 196 95 195 94 195 94 194 94 193 94 192 93 192 93 191 93 190 93 189 92 189 92 188 92 187 91 187 
13 119
111 269 110 268 110 267 110 266 110 265 109 265 108 265 107 265 106 265 105 265 104 265 103 265 102 265 101 265 100 265 99 265 98 265 97 265 96 265 95 265 94 265 93 265 92 265 91 265 90 265 89 265 88 265 87 265 86 265 85 265 84 265 83 265 82 265 81 265 80 265 79 265 78 265 77 265 77 266 76 266 75 266 74 266 73 266 72 266 71 266 70 266 69 266 68 266 67 266 66 266 65 266 64 266 63 266 62 266 61 266 60 266 59 266 58 266 57 266 56 266 55 266 54 266 53 266 52 266 51 266 50 266 49 266 48 266 48 267 47 267 46 267 45 267 44 267 43 267 42 267 41 267 40 267 39 267 38 267 37 267 36 267 35 267 34 267 33 267 32 267 31 267 31 266 30 266 29 266 28 266 27 266 26 266 25 266 24 266 23 266 22 266 21 266 20 266 19 266 18 266 17 266 16 266 15 266 14 266 13 266 12 266 11 266 10 266 9 266 8 266 7 266 6 266 5 266 4 266 3 266 2 266 1 266 0 266 0 267 
14 48
111 269 111 268 111 267 111 266 110 266 110 265 110 264 109 264 109 263 109 262 109 261 109 260 109 259 109 258 108 258 108 257 108 256 108 255 108 254 108 253 108 252 108 251 107 251 107 250 107 249 107 248 107 247 106 247 106 246 106 245 106 244 106 243 105 243 105 242 105 241 105 240 105 239 105 238 105 237 104 237 104 236 104 235 104 234 104 233 104 232 104 231 103 231 103 230 
15 34
470 151 468 152 469 152 470 152 471 152 472 152 473 152 474 152 475 152 476 152 477 152 478 152 479 152 480 152 481 152 482 152 483 152 484 152 485 152 485 153 486 153 487 153 488 153 489 153 490 153 491 153 492 153 493 153 494 153 495 153 496 153 497 153 498 153 499 153 
16 151
379 92 379 93 380 93 381 93 381 94 382 94 382 95 383 95 384 95 385 95 386 95 387 95 387 96 388 96 389 96 390 96 390 97 391 97 392 97 393 97 394 97 395 97 395 98 396 98 397 98 398 98 399 98 399 99 400 99 401 99 402 99 403 99 403 100 404 100 405 100 406 100 407 100 407 101 408 101 409 101 410 101 411 101 411 102 412 102 413 102 414 102 415 102 415 103 416 103 417 103 418 103 419 103 419 104 420 104 421 104 421 105 422 105 423 105 424 105 424 106 425 106 426 106 427 106 427 107 428 107 429 107 429 108 430 108 431 108 432 108 432 109 433 109 434 109 434 110 435 110 436 110 437 110 437 111 438 111 439 111 439 112 440 112 440 113 441 113 442 113 443 113 443 114 444 114 445 114 445 115 446 115 447 115 447 116 448 116 448 117 449 117 450 117 450 118 451 118 451 119 452 119 453 119 453 120 454 120 454 121 455 121 456 121 456 122 457 122 457 123 458 123 458 124 459 124 459 125 460 125 460 126 461 126 461 127 462 127 462 128 463 128 463 129 463 130 464 130 464 131 464 132 465 132 465 133 466 133 466 134 466 135 467 135 467 136 468 136 468 137 468 138 468 139 468 140 469 140 469 141 469 142 469 143 469 144 469 145 470 145 470 146 470 147 470 148 470 149 470 150 470 151 
17 102
470 151 470 152 469 152 469 153 469 154 469 155 469 156 468 156 468 157 468 158 467 158 467 159 467 160 466 160 465 160 465 161 465 162 464 162 464 163 463 163 463 164 463 165 462 165 462 166 461 166 461 167 460 167 460 168 459 168 459 169 458 169 457 169 457 170 456 170 456 171 455 171 455 172 454 172 453 172 453 173 452 173 452 174 451 174 450 174 450 175 449 175 448 175 448 176 447 176 447 177 446 177 446 178 445 178 444 178 443 178 442 178 442 179 441 179 440 179 440 180 439 180 438 180 438 181 437 181 436 181 435 181 435 182 434 182 433 182 432 182 432 183 431 183 431 184 430 184 429 184 428 184 428 185 427 185 426 185 425 185 425 186 424 186 423 186 422 186 421 186 421 187 420 187 419 187 418 187 418 188 417 188 416 188 415 188 415 189 414 189 413 189 412 189 411 189 411 190 410 190 409 190 408 190 
18 34
30 145 30 144 29 144 28 144 27 144 26 144 25 144 24 144 23 144 22 144 21 144 20 144 19 144 18 144 17 144 16 144 15 144 14 144 13 144 12 144 11 144 10 144 9 144 8 144 7 144 6 144 5 144 4 144 3 144 2 144 1 144 0 144 0 145 0 146 
19 103
90 187 90 186 89 186 88 186 87 186 87 185 86 185 85 185 84 185 84 184 83 184 82 184 81 184 80 184 80 183 79 183 78 183 78 182 77 182 76 182 75 182 75 181 74 181 73 181 72 181 72 180 71 180 70 180 69 180 69 179 68 179 67 179 67 178 66 178 65 178 64 178 64 177 63 177 62 177 62 176 61 176 60 176 60 175 59 175 58 175 58 174 57 174 56 174 56 173 55 173 54 173 53 173 53 172 52 172 52 171 51 171 50 171 50 170 49 170 49 169 48 169 47 169 47 168 46 168 46 167 45 167 44 167 44 166 43 166 43 165 42 165 41 165 41 164 40 164 40 163 39 163 39 162 38 162 38 161 37 161 37 160 36 160 36 159 35 159 35 158 35 157 34 157 34 156 33 156 33 155 33 154 32 154 32 153 32 152 31 152 31 151 31 150 30 150 30 149 30 148 30 147 30 146 30 145 
20 150
30 145 30 144 30 143 30 142 30 141 30 140 30 139 30 138 30 137 30 136 31 136 31 135 31 134 31 133 32 133 32 132 32 131 33 131 33 130 33 129 34 129 34 128 34 127 35 127 35 126 36 126 36 125 37 125 37 124 37 123 38 123 38 122 39 122 39 121 40 121 40 120 41 120 41 119 42 119 43 119 43 118 44 118 44 117 45 117 45 116 46 116 46 115 47 115 48 115 48 114 49 114 49 113 50 113 51 113 51 112 52 112 52 111 53 111 54 111 54 110 55 110 56 110 56 109 57 109 58 109 58 108 59 108 60 108 60 107 61 107 62 107 62 106 63 106 64 106 64 105 65 105 66 105 67 105 67 104 68 104 69 104 69 103 70 103 71 103 72 103 72 102 73 102 74 102 75 102 75 101 76 101 77 101 78 101 78 100 79 100 80 100 81 100 82 100 82 99 83 99 84 99 85 99 86 99 86 98 87 98 88 98 89 98 90 98 90 97 91 97 92 97 93 97 93 96 94 96 95 96 96 96 97 96 98 96 98 95 99 95 100 95 101 95 102 95 103 95 103 94 104 94 105 94 106 94 107 94 108 94 109 94 109 93 110 93 111 93 112 93 113 93 113 92 114 92 115 92 116 92 117 92 117 91 118 91 119 91 120 91 121 91 121 90 122 90 123 90 123 89 
21 55
327 50 328 46 328 45 328 44 328 43 328 42 328 41 328 40 328 39 329 39 329 38 329 37 329 36 329 35 329 34 329 33 329 32 330 32 331 32 331 31 332 31 333 31 333 30 333 29 333 28 333 27 333 26 333 25 333 24 333 23 333 22 333 21 333 20 333 19 333 18 333 17 333 16 334 16 335 16 335 15 335 14 335 13 335 12 335 11 335 10 335 9 335 8 336 8 336 7 336 6 336 5 336 4 336 3 336 2 336 1 
22 93
255 30 256 30 257 30 258 30 259 30 259 31 260 31 261 31 262 31 263 31 264 31 265 31 266 31 267 31 268 31 269 31 270 31 271 31 271 32 272 32 273 32 274 32 275 32 276 32 276 33 277 33 278 33 279 33 280 33 281 33 282 33 283 33 283 34 284 34 285 34 286 34 286 35 287 35 288 35 289 35 290 35 291 35 291 36 292 36 293 36 294 36 295 36 295 37 296 37 297 37 298 37 298 38 299 38 300 38 301 38 302 38 302 39 303 39 304 39 304 40 305 40 306 40 307 40 307 41 308 41 309 41 309 42 310 42 311 42 312 42 312 43 313 43 314 43 314 44 315 44 316 44 316 45 317 45 318 45 319 45 319 46 320 46 321 46 321 47 322 47 323 47 323 48 324 48 325 48 325 49 326 49 327 49 327 50 
23 95
327 50 328 50 329 50 329 51 330 51 330 52 331 52 332 52 332 53 333 53 334 53 334 54 335 54 336 54 336 55 337 55 338 55 338 56 339 56 339 57 340 57 340 58 341 58 342 58 342 59 343 59 343 60 344 60 345 60 345 61 346 61 346 62 347 62 347 63 348 63 349 63 349 64 350 64 350 65 351 65 351 66 352 66 353 66 353 67 354 67 354 68 355 68 355 69 356 69 356 70 357 70 358 70 358 71 359 71 359 72 360 72 360 73 361 73 361 74 362 74 362 75 363 75 363 76 364 76 365 76 365 77 366 77 366 78 366 79 367 79 367 80 368 80 368 81 369 81 369 82 370 82 370 83 371 83 371 84 372 84 372 85 373 85 373 86 374 86 374 87 375 87 375 88 376 88 376 89 376 90 377 90 377 91 378 91 378 92 379 92 
24 49
181 45 182 45 183 45 183 44 184 44 184 43 184 42 184 41 184 40 183 40 183 39 183 38 183 37 183 36 183 35 183 34 183 33 183 32 183 31 183 30 183 29 183 28 183 27 183 26 183 25 183 24 183 23 183 22 183 21 183 20 183 19 183 18 183 17 183 16 183 15 183 14 183 13 183 12 183 11 183 10 183 9 183 8 183 7 184 7 184 6 184 5 184 4 184 3 184 2 
25 103
123 89 124 89 124 88 125 88 125 87 126 87 126 86 127 86 127 85 128 85 128 84 128 83 129 83 129 82 130 82 130 81 131 81 131 80 132 80 132 79 133 79 133 78 134 78 134 77 135 77 135 76 136 76 136 75 137 75 137 74 138 74 138 73 139 73 139 72 140 72 141 72 141 71 142 71 142 70 143 70 143 69 144 69 144 68 145 68 145 67 146 67 146 66 147 66 147 65 148 65 148 64 149 64 150 64 150 63 151 63 151 62 152 62 152 61 153 61 154 61 154 60 155 60 155 59 156 59 157 59 157 58 158 58 158 57 159 57 159 56 160 56 161 56 161 55 162 55 163 55 163 54 164 54 165 54 165 53 166 53 166 52 167 52 168 52 168 51 169 51 170 51 170 50 171 50 172 50 172 49 173 49 173 48 174 48 175 48 176 48 176 47 177 47 178 47 178 46 179 46 180 46 180 45 181 45 
26 94
181 45 182 45 183 45 183 44 184 44 184 43 185 43 186 43 187 43 187 42 188 42 189 42 189 41 190 41 191 41 192 41 192 40 193 40 194 40 195 40 195 39 196 39 197 39 198 39 198 38 199 38 200 38 201 38 201 37 202 37 203 37 204 37 204 36 205 36 206 36 207 36 208 36 208 35 209 35 210 35 211 35 212 35 212 34 213 34 214 34 215 34 216 34 217 34 218 34 218 33 219 33 220 33 221 33 222 33 219 31 219 32 220 32 221 32 222 32 223 32 224 32 225 32 226 32 227 32 228 32 228 31 229 31 230 31 231 31 232 31 233 31 234 31 235 31 236 31 237 31 238 31 239 31 240 31 241 31 242 31 242 30 243 30 244 30 245 30 246 30 247 30 248 30 249 30 250 30 251 30 252 30 253 30 254 30 255 30 
27 222
288 421 290 420 291 420 292 420 293 420 294 420 295 420 296 420 297 420 298 420 299 420 300 420 301 420 302 420 303 420 304 420 305 420 306 420 307 420 308 420 309 420 309 421 310 421 311 421 312 421 313 421 314 421 315 421 316 421 317 421 318 421 319 421 320 421 320 420 321 420 322 420 323 420 324 420 325 420 326 420 327 420 328 420 329 420 330 420 331 420 332 420 333 420 334 420 335 420 336 420 337 420 338 420 339 420 340 420 341 420 342 420 343 420 343 421 343 420 344 420 344 419 345 419 346 419 347 419 348 419 349 419 350 419 351 419 352 419 353 419 354 419 355 419 356 419 357 419 358 419 359 419 359 418 359 417 359 416 360 416 361 416 362 416 363 416 364 416 365 416 366 416 367 416 368 416 369 416 370 416 371 416 372 416 373 416 374 416 375 416 376 416 377 416 378 416 379 416 380 416 381 416 382 416 383 416 384 416 385 416 386 416 387 416 388 416 389 416 390 416 391 416 392 416 393 416 394 416 395 416 396 416 397 416 398 416 398 417 398 418 399 418 399 419 400 419 401 419 402 419 403 419 404 419 405 419 406 419 407 419 408 419 409 419 410 419 411 419 412 419 413 419 414 419 415 419 416 419 417 419 418 419 419 419 420 419 421 419 422 419 423 419 424 419 425 419 426 419 427 419 428 419 429 419 430 419 431 419 432 419 433 419 434 419 435 419 436 419 437 419 438 419 439 419 440 419 441 419 442 419 443 419 444 419 445 419 446 419 447 419 448 419 449 419 450 419 451 419 452 419 453 419 454 419 455 419 456 419 457 419 458 419 459 419 460 419 461 419 462 419 463 419 464 419 465 419 466 419 467 419 468 419 469 419 470 419 471 419 472 419 473 419 474 419 475 419 476 419 477 419 478 419 478 418 479 418 480 418 481 418 482 418 483 418 484 418 485 418 486 418 487 418 488 418 489 418 490 418 491 418 492 418 493 418 494 418 495 418 496 418 497 418 497 419 
28 253
386 267 386 268 385 268 385 269 385 270 385 271 385 272 384 272 384 273 384 274 384 275 384 276 383 276 383 277 383 278 383 279 382 279 382 280 382 281 382 282 382 283 381 283 381 284 381 285 381 286 381 287 380 287 380 288 380 289 380 290 379 290 379 291 379 292 379 293 378 293 378 294 378 295 378 296 378 297 378 298 377 298 377 299 377 300 376 300 376 301 376 302 376 303 376 304 375 304 375 305 375 306 374 306 374 307 374 308 374 309 373 309 373 310 373 311 373 312 373 313 373 314 372 314 372 315 372 316 371 316 371 317 371 318 371 319 370 319 370 320 370 321 370 322 369 322 369 323 369 324 369 325 368 325 368 326 368 327 368 328 367 328 367 329 367 330 367 331 366 331 366 332 366 333 365 333 365 334 365 335 365 336 364 336 364 337 364 338 364 339 363 339 363 340 363 341 362 341 362 342 362 343 361 343 361 344 361 345 360 345 360 346 360 347 359 347 359 348 359 349 358 349 358 350 358 351 357 351 357 352 356 352 356 353 356 354 356 355 355 355 355 356 354 356 354 357 354 358 354 359 353 359 353 360 353 361 352 361 352 362 352 363 351 363 351 364 350 364 350 365 349 365 349 366 349 367 349 368 348 368 348 369 347 369 347 370 346 370 346 371 345 371 345 372 344 372 344 373 344 374 344 375 343 375 343 376 342 376 341 376 341 377 341 378 340 378 340 379 340 380 339 380 339 381 338 381 338 382 337 382 337 383 336 383 336 384 335 384 335 385 335 386 334 386 334 387 333 387 333 388 333 389 333 390 332 390 331 390 331 391 330 391 329 391 328 391 327 391 327 392 326 392 326 393 326 394 326 395 325 395 325 396 324 396 324 397 324 398 324 399 323 399 322 399 321 399 320 399 320 400 320 401 320 402 320 403 320 404 320 405 319 405 318 405 317 405 317 406 316 406 315 406 315 407 315 408 315 409 315 410 314 410 313 410 312 410 311 410 311 411 310 411 309 411 309 412 309 413 308 413 307 413 307 414 307 415 306 415 305 415 304 415 304 416 303 416 303 417 302 417 301 417 300 417 300 418 299 418 299 419 298 419 297 419 297 420 296 420 295 420 294 420 293 420 292 420 292 421 291 421 290 421 289 421 288 421 
29 193
181 405 182 406 181 406 181 405 180 405 179 405 178 405 178 406 178 407 177 407 176 407 176 406 175 406 174 406 173 406 173 407 172 407 171 407 170 407 169 407 168 407 168 408 167 408 166 408 165 408 164 408 163 408 162 408 161 408 160 408 159 408 158 408 157 408 156 408 155 408 154 408 153 408 152 408 151 408 151 407 150 407 149 407 148 407 147 407 146 407 145 407 144 407 143 407 142 407 141 407 140 407 139 407 138 407 137 407 136 407 136 408 135 408 134 408 133 408 132 408 131 408 130 408 129 408 128 408 127 408 126 408 125 408 124 408 123 408 122 408 121 408 120 408 119 408 118 408 117 408 116 408 115 408 114 408 113 408 112 408 111 408 110 408 109 408 109 407 108 407 107 407 107 406 107 405 106 405 105 405 104 405 103 405 102 405 101 405 100 405 99 405 98 405 97 405 96 405 95 405 94 405 93 405 92 405 91 405 90 405 89 405 88 405 87 405 86 405 85 405 84 405 83 405 82 405 81 405 80 405 79 405 78 405 77 405 76 405 75 405 74 405 73 405 72 405 71 405 70 405 69 405 68 405 67 405 66 405 65 405 64 405 63 405 62 405 61 405 60 405 59 405 58 405 57 405 56 405 55 405 54 405 53 405 52 405 51 405 50 405 49 405 48 405 47 405 46 405 45 405 44 405 43 405 42 405 41 405 40 405 39 405 38 405 37 405 36 405 35 405 34 405 33 405 32 405 31 405 30 405 29 405 28 405 27 405 26 405 25 405 24 405 23 405 22 405 21 405 20 405 19 405 18 405 17 405 16 405 15 405 14 405 13 405 12 405 11 405 10 405 9 405 8 405 7 405 6 405 5 405 4 405 3 405 2 405 
30 138
288 421 288 422 287 422 286 422 285 422 285 423 284 423 283 423 283 424 282 424 281 424 280 424 279 424 279 425 278 425 277 425 276 425 275 425 274 425 273 425 272 425 272 426 271 426 270 426 269 426 268 426 268 427 267 427 266 427 265 427 264 427 263 427 262 427 261 427 260 427 259 427 258 427 257 427 256 427 256 428 255 428 254 428 253 428 252 428 251 428 250 428 249 428 248 428 247 428 246 428 245 428 244 428 243 428 242 428 241 428 240 428 240 427 239 427 238 427 237 427 236 427 235 427 234 427 234 426 233 426 232 426 231 426 230 426 229 426 228 426 227 426 227 425 226 425 225 425 224 425 223 425 223 424 222 424 221 424 220 424 219 424 219 423 218 423 217 423 216 423 216 422 215 422 214 422 213 422 212 422 212 421 211 421 210 421 209 421 209 420 208 420 207 420 206 420 206 419 205 419 204 419 204 418 203 418 202 418 202 417 201 417 200 417 200 416 199 416 198 416 197 416 197 415 196 415 195 415 194 415 194 414 193 414 192 414 192 413 191 413 191 412 190 412 190 411 189 411 188 411 188 410 187 410 186 410 186 409 185 409 184 409 184 408 183 408 183 407 182 407 182 406 181 406 181 405 
31 207
181 405 180 405 179 405 179 404 178 404 178 403 177 403 177 402 176 402 176 401 175 401 175 400 174 400 173 400 173 399 172 399 172 398 172 397 171 397 171 396 170 396 170 395 169 395 169 394 168 394 168 393 167 393 167 392 166 392 166 391 165 391 165 390 164 390 164 389 163 389 163 388 162 388 162 387 161 387 161 386 160 386 160 385 159 385 159 384 158 384 158 383 157 383 157 382 156 382 156 381 156 380 155 380 155 379 154 379 154 378 153 378 153 377 153 376 152 376 152 375 151 375 151 374 151 373 150 373 150 372 149 372 149 371 148 371 148 370 148 369 147 369 147 368 147 367 146 367 146 366 145 366 145 365 145 364 144 364 144 363 143 363 143 362 143 361 142 361 142 360 142 359 141 359 141 358 140 358 140 357 140 356 140 355 139 355 139 354 139 353 138 353 138 352 137 352 137 351 137 350 137 349 136 349 136 348 136 347 135 347 135 346 135 345 134 345 134 344 134 343 133 343 133 342 133 341 132 341 132 340 132 339 131 339 131 338 131 337 131 336 130 336 130 335 129 335 129 334 129 333 129 332 129 331 128 331 128 330 128 329 128 328 127 328 127 327 127 326 127 325 126 325 126 324 126 323 126 322 125 322 125 321 125 320 125 319 125 318 124 318 124 317 124 316 124 315 123 315 123 314 123 313 123 312 122 312 122 311 122 310 122 309 121 309 121 308 121 307 121 306 120 306 120 305 120 304 120 303 119 303 119 302 119 301 119 300 119 299 118 299 118 298 118 297 118 296 118 295 117 295 117 294 117 293 117 292 117 291 116 291 116 290 116 289 116 288 116 287 115 287 115 286 115 285 115 284 114 284 114 283 114 282 114 281 114 280 114 279 113 279 113 278 113 277 113 276 113 275 112 275 112 274 112 273 112 272 111 272 111 271 111 270 111 269 
CtrlSeqSet
32
0 5
407 189 0 330 200 0 252 203 0 170 199 0 90 187 0 
1 5
123 89 0 153 87 0 186 83 0 214 80 0 241 74 0 
2 3
241 74 0 244 76 0 259 75 0 
3 5
259 75 0 286 85 0 317 90 0 348 94 0 379 92 0 
4 4
252 46 0 253 42 0 254 38 0 257 30 0 
5 3
259 75 0 263 60 0 252 46 0 
6 3
252 46 0 243 56 0 241 74 0 
7 5
386 268 0 414 265 0 443 267 0 468 267 0 503 266 0 
8 5
394 227 0 420 227 0 447 227 0 474 227 0 501 225 0 
9 5
408 190 0 403 197 0 400 206 0 397 215 0 394 227 0 
10 5
394 227 0 392 236 0 391 247 0 390 258 0 386 268 0 
11 5
103 229 0 74 228 0 49 228 0 25 227 0 -2 226 0 
12 5
103 229 0 101 218 0 98 207 0 95 196 0 91 187 0 
13 5
111 266 0 85 265 0 57 266 0 30 266 0 -4 265 0 
14 5
111 266 0 109 259 0 107 249 0 105 239 0 103 229 0 
15 4
470 150 0 475 152 0 483 152 0 502 152 0 
16 5
379 92 0 407 101 0 435 110 0 458 124 0 470 150 0 
17 5
470 150 0 461 167 0 446 177 0 428 184 0 408 190 0 
18 4
30 145 0 23 144 0 8 145 0 -5 146 0 
19 5
90 187 0 72 180 0 54 173 0 39 163 0 30 145 0 
20 5
30 145 0 41 119 0 64 105 0 93 97 0 123 89 0 
21 5
326 50 0 329 35 0 330 21 0 331 7 0 334 -3 0 
22 5
257 30 0 276 32 0 295 36 0 312 42 0 326 50 0 
23 5
326 50 0 342 58 0 355 68 0 367 79 0 379 92 0 
24 5
181 47 0 183 37 0 183 25 0 183 13 0 183 -3 0 
25 5
123 89 0 135 76 0 148 64 0 163 54 0 181 47 0 
26 5
181 47 0 198 39 0 216 34 0 232 31 0 257 30 0 
27 5
304 417 0 348 418 0 395 418 0 443 419 0 504 417 0 
28 5
386 267 0 372 316 0 353 360 0 325 395 0 304 417 0 
29 5
183 409 0 142 407 0 98 405 0 50 405 0 -2 406 0 
30 4
304 417 0 254 427 0 209 421 0 183 409 0 
31 5
183 409 0 155 380 0 136 348 0 122 311 0 111 266 0 
IfSplit
18
1 1 1 1 1 1 1 1 1 1 1 1 1 1 1 1 1 1 
jpt
18
90 187 0 408 190 0 379 92 0 123 89 0 241 74 0 259 75 0 252 46 0 257 30 0 386 268 0 394 227 0 103 229 0 111 266 0 470 150 0 30 145 0 326 50 0 181 47 0 304 417 0 183 409 0 
Seqid
18
1273 476 632 251 135 16 47 195 99 50 642 595 150 102 92 102 252 137 
splineid
18
0 3
0 12 19 
1 3
0 9 17 
2 3
3 16 23 
3 3
1 20 25 
4 3
1 2 6 
5 3
2 3 5 
6 3
4 5 6 
7 3
4 22 26 
8 3
7 10 28 
9 3
8 9 10 
10 3
11 12 14 
11 3
13 14 31 
12 3
15 16 17 
13 3
18 19 20 
14 3
21 22 23 
15 3
24 25 26 
16 3
27 28 30 
17 3
29 30 31 
