CircularSet
48
0 0 0 0 0 0 0 0 0 0 0 0 0 0 0 0 0 0 0 0 0 0 0 0 0 0 0 0 0 0 0 0 0 0 0 0 0 0 0 0 0 0 0 0 0 0 0 0 
ParaSet
48
0.15 0.25 0.15 0.35 0.15 0.25 0.15 0.25 0.15 0.15 0.25 0.15 0.25 0.25 0.15 0.25 0.25 0.25 0.15 0.15 0.25 0.25 0.25 0.25 0.5 0.25 0.25 0.5 0.25 0.25 0.5 0.25 0.5 0.25 0.25 0.5 0.25 0.25 0.25 0.25 0.5 0.25 0.05 0.25 0.25 0.45 0.15 0.45 
SeqSet
48
0 244
228 209 228 208 227 208 227 207 227 206 227 205 227 204 227 203 227 202 227 201 226 201 226 200 226 199 225 199 225 198 224 198 223 198 222 198 222 197 222 196 221 196 221 195 221 194 220 194 220 193 220 192 219 192 219 191 219 190 218 190 218 189 218 188 217 188 217 187 217 186 216 186 216 185 216 184 215 184 215 183 215 182 216 182 216 181 216 180 216 179 215 179 215 178 214 178 214 177 214 176 213 176 213 175 212 175 212 174 212 173 211 173 211 172 211 171 210 171 210 170 209 170 208 170 207 170 207 169 206 169 205 169 205 168 205 167 205 166 204 166 204 165 203 165 203 164 202 164 202 163 201 163 201 162 200 162 200 161 200 160 200 159 199 159 199 158 198 158 197 158 196 158 196 157 195 157 195 156 194 156 194 155 194 154 194 153 194 152 194 151 195 151 195 150 195 149 195 148 195 147 194 147 194 146 193 146 193 145 193 144 192 144 192 143 191 143 191 142 190 142 190 141 189 141 189 140 188 140 188 139 187 139 187 138 187 137 186 137 186 136 185 136 185 135 184 135 183 135 182 135 181 135 180 135 180 134 180 133 180 132 180 131 180 130 180 129 180 128 180 127 180 126 180 125 180 124 179 124 179 123 179 122 178 122 177 122 176 122 176 121 175 121 175 120 175 119 175 118 175 117 175 116 175 115 174 115 174 114 173 114 172 114 171 114 171 113 170 113 170 112 170 111 170 110 169 110 169 109 169 108 169 107 169 106 168 106 168 105 167 105 167 104 167 103 166 103 165 103 164 103 164 102 163 102 162 102 161 102 160 102 160 101 160 100 160 99 160 98 159 98 159 97 159 96 159 95 159 94 159 93 159 92 158 92 158 91 158 90 158 89 158 88 157 88 157 87 157 86 157 85 157 84 157 83 157 82 158 82 158 81 158 80 158 79 157 79 157 78 157 77 157 76 156 76 156 75 156 74 155 74 155 73 155 72 154 72 154 71 154 70 154 69 153 69 153 68 152 68 151 68 150 68 149 68 149 67 148 67 148 66 147 66 146 66 146 65 145 65 145 64 145 63 145 62 146 62 146 61 146 62 145 62 145 63 145 64 145 65 
1 75
230 209 231 209 232 209 233 209 233 210 234 210 235 210 235 211 236 211 237 211 237 212 238 212 239 212 239 213 239 214 240 214 241 214 242 214 242 215 242 216 242 217 243 217 243 218 243 219 244 219 244 220 245 220 245 221 246 221 247 221 247 220 247 219 247 218 247 217 248 217 249 217 250 217 251 217 252 217 253 217 254 217 254 216 254 216 255 216 255 215 256 215 256 214 257 214 258 214 258 213 259 213 260 213 260 212 261 212 262 212 262 211 263 211 263 210 264 210 265 210 266 210 266 209 267 209 267 208 268 208 268 207 269 207 269 206 270 206 270 205 271 205 271 204 271 203 272 203 272 202 
2 205
272 202 273 202 273 201 273 200 273 199 274 199 274 198 274 197 274 196 275 196 275 195 275 194 275 193 275 192 275 191 276 191 277 191 278 191 278 190 278 189 278 188 279 188 279 187 280 187 280 186 280 185 281 185 281 184 281 183 282 183 282 182 282 181 282 180 283 180 283 179 283 178 283 177 283 176 284 176 284 175 284 174 284 173 284 172 285 172 285 171 285 170 285 169 285 168 285 167 286 167 286 166 286 165 287 165 287 164 287 163 287 162 286 162 285 162 285 161 285 160 285 159 285 158 286 158 286 157 286 156 286 155 286 154 286 153 286 152 286 151 286 150 286 149 286 148 286 147 286 146 286 145 286 144 286 143 286 142 286 141 286 140 285 140 284 140 283 140 282 140 282 139 282 138 281 138 281 137 281 136 281 135 281 134 281 133 281 132 281 131 281 130 281 129 281 128 281 127 281 126 280 126 280 125 280 124 280 123 280 122 280 121 280 120 280 119 280 118 280 117 280 116 280 115 280 114 281 114 282 114 283 114 284 114 284 113 285 113 286 113 287 113 287 112 287 111 287 110 287 109 287 108 287 107 287 106 287 105 287 104 287 103 286 103 286 102 286 101 286 100 286 99 286 98 286 97 286 96 286 95 286 94 285 94 285 93 285 92 285 91 285 90 285 89 285 88 284 88 283 88 282 88 282 87 282 86 282 85 282 84 282 83 282 82 282 81 282 80 282 79 281 79 281 78 281 77 281 76 281 75 281 74 281 73 281 72 281 71 280 71 279 71 279 70 279 69 279 68 279 67 280 67 280 66 281 66 281 65 281 64 282 64 282 63 282 62 282 61 282 60 282 59 283 59 283 58 283 57 283 56 283 55 283 54 283 53 283 52 283 51 283 50 283 49 283 48 283 47 284 47 284 46 284 45 284 44 284 43 284 42 
3 50
272 202 272 202 272 203 271 203 271 204 271 205 272 205 272 206 273 206 274 206 274 205 275 205 276 205 277 205 278 205 279 205 279 206 279 207 280 207 280 208 280 209 281 209 281 210 282 210 282 211 282 212 283 212 283 213 283 214 284 214 284 215 284 216 285 216 286 216 287 216 288 216 289 216 290 216 291 216 292 216 293 216 293 215 294 215 295 215 296 215 297 215 298 215 299 215 300 215 301 215 
4 225
301 215 302 215 302 214 303 214 303 213 304 213 305 213 306 213 307 213 308 213 308 212 309 212 310 212 310 211 311 211 311 210 312 210 312 209 313 209 313 208 314 208 314 207 315 207 316 207 316 206 317 206 317 205 318 205 318 204 319 204 319 203 320 203 321 203 321 202 322 202 322 201 323 201 323 200 324 200 325 200 325 199 326 199 326 198 327 198 327 197 328 197 328 196 329 196 330 196 330 195 331 195 331 194 332 194 332 193 333 193 334 193 334 192 335 192 335 191 336 191 336 190 337 190 338 190 338 189 339 189 339 188 340 188 340 187 341 187 341 186 342 186 342 185 343 185 343 184 344 184 345 184 345 183 346 183 347 183 347 182 348 182 348 181 349 181 349 180 350 180 350 179 351 179 351 178 351 177 351 176 351 175 352 175 352 175 351 175 351 176 351 177 352 177 353 177 354 177 355 177 356 177 357 177 358 177 359 177 359 176 359 175 359 174 360 174 360 173 361 173 361 172 362 172 363 172 364 172 365 172 366 172 367 172 367 171 367 170 368 170 369 170 369 169 370 169 370 168 370 167 370 166 370 165 370 164 371 164 372 164 372 163 373 163 373 162 374 162 374 161 375 161 376 161 376 160 377 160 377 159 378 159 379 159 379 158 380 158 381 158 381 157 381 156 381 155 381 154 381 153 381 152 381 151 381 150 380 150 380 149 380 148 381 148 382 148 383 148 384 148 385 148 386 148 386 147 387 147 388 147 389 147 390 147 391 147 392 147 393 147 394 147 395 147 396 147 396 148 397 148 398 148 398 147 399 147 400 147 401 147 401 146 402 146 403 146 403 145 404 145 405 145 405 144 406 144 407 144 407 143 407 142 407 141 408 141 409 141 409 140 410 140 411 140 411 139 412 139 412 138 413 138 414 138 415 138 416 138 417 138 417 137 418 137 418 136 419 136 420 136 420 135 421 135 421 134 421 133 421 132 422 132 423 132 424 132 424 131 425 131 426 131 426 130 426 129 426 128 426 127 
5 56
301 215 301 217 301 218 300 218 300 219 300 220 300 221 300 222 300 223 300 224 301 224 301 225 301 226 301 227 302 227 303 227 303 228 303 229 303 230 302 230 303 230 303 231 303 232 304 232 304 233 304 234 304 235 304 236 304 237 303 237 303 238 302 238 302 239 302 240 303 240 303 241 303 242 303 243 303 244 304 244 305 244 305 245 306 245 307 245 307 246 307 247 308 247 308 248 309 248 310 248 310 249 311 249 312 249 312 250 313 250 314 250 
6 167
314 250 315 250 316 250 316 249 317 249 318 249 319 249 320 249 321 249 322 249 323 249 324 249 325 249 326 249 327 249 328 249 329 249 330 249 331 249 332 249 333 249 334 249 335 249 336 249 337 249 338 249 339 249 340 249 341 249 342 249 343 249 343 250 344 250 345 250 346 250 347 250 348 250 349 250 350 250 351 250 352 250 353 250 354 250 355 250 356 250 356 251 357 251 358 251 359 251 360 251 361 251 362 251 363 251 364 251 365 251 365 252 366 252 367 252 368 252 369 252 370 252 371 252 372 252 372 251 373 251 374 251 375 251 375 250 375 250 375 251 375 252 375 253 375 254 376 254 377 254 378 254 379 254 380 254 381 254 381 255 382 255 383 255 384 255 385 255 386 255 387 255 388 255 389 255 389 256 390 256 391 256 391 257 392 257 393 257 393 258 394 258 395 258 396 258 397 258 398 258 399 258 399 259 400 259 400 260 400 261 400 262 401 262 401 263 401 264 402 264 403 264 403 263 404 263 405 263 406 263 407 263 408 263 409 263 410 263 410 264 411 264 412 264 413 264 414 264 415 264 416 264 417 264 417 265 418 265 419 265 420 265 421 265 422 265 423 265 424 265 425 265 426 265 426 264 427 264 428 264 429 264 430 264 431 264 432 264 433 264 434 264 435 264 436 264 437 264 438 264 439 264 440 264 441 264 442 264 443 264 444 264 444 265 445 265 446 265 447 265 448 265 449 265 449 266 450 266 451 266 452 266 453 266 
7 52
314 250 313 251 312 251 311 251 311 252 310 252 309 252 309 253 308 253 307 253 307 254 306 254 306 255 305 255 305 256 304 256 303 256 303 257 302 257 302 258 301 258 300 258 299 258 299 259 298 259 298 260 298 261 298 262 299 262 299 263 300 263 301 263 301 264 301 265 301 266 302 266 302 267 302 268 302 269 303 269 303 270 303 271 304 271 304 272 304 273 304 274 304 275 304 276 304 277 305 277 305 278 306 278 
8 194
306 278 306 279 307 279 307 280 307 281 307 282 308 282 308 283 309 283 310 283 310 284 311 284 311 285 312 285 313 285 313 286 314 286 314 287 315 287 316 287 316 286 317 286 318 286 318 287 319 287 319 288 320 288 320 289 321 289 321 290 322 290 323 290 323 291 324 291 324 292 325 292 325 293 326 293 327 293 327 294 328 294 328 295 329 295 330 295 330 296 331 296 331 297 332 297 332 298 333 298 333 299 334 299 335 299 335 300 336 300 336 301 337 301 337 302 338 302 338 303 339 303 339 304 340 304 340 305 341 305 341 306 342 306 342 307 343 307 344 307 344 308 345 308 345 309 346 309 346 310 347 310 347 311 348 311 348 312 349 312 349 313 350 313 350 314 351 314 351 315 351 316 352 316 352 317 353 317 353 318 354 318 355 318 355 319 355 320 356 320 357 320 357 320 357 321 357 322 358 322 359 322 360 322 360 323 360 324 360 325 361 325 361 326 362 326 362 327 363 327 363 328 364 328 364 329 365 329 365 330 366 330 367 330 367 331 367 332 367 333 368 333 368 334 369 334 369 335 370 335 371 335 371 336 372 336 372 337 373 337 374 337 375 337 376 337 376 338 377 338 377 339 378 339 378 340 378 341 378 342 378 343 379 343 380 343 381 343 381 344 382 344 382 345 382 346 383 346 383 347 384 347 384 348 385 348 385 349 385 350 386 350 386 351 386 352 387 352 387 353 388 353 388 354 389 354 389 355 389 356 390 356 390 357 391 357 391 358 392 358 392 359 393 359 393 360 394 360 394 361 395 361 395 362 396 362 396 363 397 363 397 364 398 364 398 365 398 366 398 367 398 368 399 368 399 369 400 369 400 370 400 371 401 371 402 371 402 372 
9 195
402 372 403 372 403 373 404 373 405 373 406 373 406 374 406 375 407 375 407 376 407 377 407 378 408 378 409 378 410 378 411 378 412 378 413 378 414 378 414 377 415 377 415 376 416 376 416 375 417 375 417 374 418 374 419 374 419 373 420 373 420 372 421 372 422 372 422 371 423 371 423 370 424 370 424 369 425 369 425 368 426 368 426 367 427 367 428 367 428 366 429 366 429 365 430 365 430 364 431 364 432 364 432 363 433 363 433 362 434 362 434 361 435 361 435 360 436 360 436 359 436 358 437 358 437 357 437 356 438 356 438 355 438 354 439 354 439 353 440 353 440 352 440 351 441 351 441 350 442 350 442 349 442 348 443 348 444 348 444 347 444 346 444 345 445 345 445 344 446 344 446 343 447 343 447 342 447 341 448 341 448 340 448 339 448 338 448 337 448 336 448 335 448 334 449 334 449 333 450 333 451 333 451 332 451 331 452 331 452 330 452 329 452 328 452 327 453 327 453 326 453 325 454 325 454 324 455 324 455 323 455 322 455 321 456 321 456 320 456 319 456 318 457 318 457 317 457 316 458 316 458 315 458 314 458 313 459 313 459 312 459 311 460 311 460 310 460 309 460 308 460 307 461 307 461 306 461 305 461 304 462 304 462 303 462 302 462 301 462 300 462 299 463 299 463 298 463 297 463 296 463 295 463 294 463 293 463 292 463 291 463 290 463 289 463 288 463 287 463 286 463 285 463 284 464 284 464 283 464 282 464 281 464 280 464 279 464 278 464 277 463 277 463 276 463 275 463 274 462 274 462 273 462 272 461 272 461 271 461 270 460 270 460 269 459 269 459 268 458 268 457 268 457 267 456 267 455 267 455 266 455 265 455 264 454 264 453 264 453 266 
10 54
274 299 274 298 274 297 274 296 274 295 275 295 275 294 275 293 275 292 276 292 276 291 276 290 276 289 277 289 277 288 278 288 278 287 279 287 279 286 280 286 280 285 281 285 281 284 282 284 282 283 283 283 283 282 283 281 284 281 284 280 284 279 285 279 286 279 287 279 288 279 289 279 290 279 291 279 292 279 293 279 294 279 294 278 295 278 296 278 297 278 298 278 299 278 300 278 301 278 302 278 302 279 303 279 304 279 306 278 
11 177
311 435 310 435 310 434 310 433 309 433 309 432 309 431 309 430 308 430 307 430 306 430 306 429 306 428 305 428 305 427 304 427 304 426 304 425 304 424 304 423 304 422 304 421 304 420 304 419 304 418 304 417 304 416 304 415 303 415 303 414 302 414 302 413 302 412 301 412 301 411 301 410 301 409 301 408 301 407 301 406 300 406 300 405 299 405 299 404 299 403 299 402 299 401 298 401 298 400 298 399 298 398 297 398 297 397 297 396 297 395 296 395 296 394 296 393 296 392 296 391 295 391 295 390 295 389 295 388 295 387 295 386 295 385 294 385 294 384 294 383 294 382 295 382 295 381 295 380 295 379 295 378 294 378 294 377 294 376 293 376 293 375 293 374 293 374 293 373 293 372 292 372 292 371 292 370 292 369 292 368 291 368 291 367 291 366 291 365 291 364 291 363 291 362 291 361 291 360 291 359 290 359 290 358 290 357 289 357 289 356 289 355 288 355 288 354 288 353 288 352 288 351 288 350 288 349 288 348 288 347 288 346 287 346 287 345 287 344 287 343 287 342 287 341 287 340 287 339 287 338 287 337 286 337 286 336 286 335 285 335 284 335 283 335 283 334 282 334 282 333 282 332 282 331 281 331 281 330 281 329 281 328 281 327 280 327 280 326 280 325 280 324 279 324 279 323 279 322 279 321 279 320 279 319 279 318 278 318 278 317 278 316 277 316 277 315 277 314 277 313 277 312 276 312 276 311 276 310 276 309 276 308 275 308 275 307 275 306 275 305 275 304 275 303 274 303 274 302 274 301 274 300 274 299 
12 73
232 296 232 295 232 294 233 294 233 293 234 293 234 292 234 291 235 291 235 290 236 290 237 290 237 289 238 289 238 288 239 288 240 288 241 288 242 288 242 287 243 287 244 287 245 287 246 287 247 287 248 287 248 286 248 285 248 284 249 284 250 284 251 284 251 283 252 283 253 283 254 283 254 284 255 284 255 285 255 286 255 287 256 287 256 288 256 289 257 289 257 290 258 290 259 290 260 290 260 291 261 291 262 291 262 292 263 292 263 293 264 293 265 293 266 293 266 294 267 294 267 295 268 295 268 296 269 296 270 296 271 296 272 296 273 296 274 296 274 297 274 298 274 299 274 299 
13 181
311 435 310 436 309 436 308 436 308 437 308 438 308 439 308 440 308 441 307 441 307 442 307 443 306 443 306 444 306 445 305 445 305 446 304 446 303 446 303 447 302 447 301 447 301 448 300 448 300 449 299 449 298 449 298 450 297 450 297 451 296 451 295 451 294 451 293 451 293 452 292 452 291 452 290 452 290 453 289 453 288 453 288 454 287 454 286 454 286 455 285 455 284 455 284 456 283 456 282 456 281 456 280 456 279 456 279 457 278 457 277 457 276 457 275 457 274 457 273 457 272 457 272 458 271 458 270 458 269 458 269 459 268 459 267 459 267 460 266 460 266 461 265 461 265 462 264 462 264 463 263 463 262 463 261 463 261 462 260 462 259 462 259 461 258 461 257 461 256 461 255 461 255 460 254 460 253 460 252 460 251 460 250 460 249 460 248 460 247 460 246 460 245 460 245 459 244 459 243 459 242 459 241 459 241 458 240 458 239 458 238 458 237 458 236 458 235 458 234 458 233 458 233 457 232 457 232 456 231 456 230 456 229 456 228 456 228 457 227 457 226 457 225 457 224 457 223 457 222 457 221 457 220 457 219 457 218 457 217 457 216 457 216 456 215 456 214 456 213 456 212 456 211 456 211 455 210 455 210 454 209 454 208 454 207 454 206 454 205 454 204 454 204 453 203 453 202 453 201 453 201 452 200 452 199 452 199 451 198 451 197 451 197 450 196 450 195 450 195 449 194 449 194 448 193 448 193 447 192 447 191 447 191 446 190 446 190 445 190 444 189 444 189 443 188 443 188 442 188 441 188 440 188 439 188 438 188 437 188 436 188 435 
14 187
188 435 188 434 188 433 188 432 188 431 188 430 188 429 188 428 187 428 187 427 187 426 187 425 187 424 187 423 188 423 188 422 188 421 188 420 188 419 188 418 188 417 188 416 189 416 189 415 189 414 189 413 190 413 190 412 191 412 192 412 192 411 192 410 192 409 192 408 193 408 193 407 193 406 193 405 193 404 193 403 193 402 193 401 194 401 194 400 194 399 195 399 196 399 196 398 197 398 198 398 198 397 198 396 198 395 198 394 198 393 198 392 198 391 198 390 198 389 199 389 199 388 199 387 199 387 200 387 200 386 200 385 200 384 200 383 200 382 200 381 200 380 200 379 201 379 201 378 201 377 201 376 202 376 202 375 202 374 203 374 203 373 203 372 203 371 204 371 204 370 205 370 205 369 205 368 206 368 206 367 206 366 207 366 207 365 207 364 208 364 208 363 208 362 208 361 208 360 209 360 209 359 209 358 209 357 210 357 210 356 211 356 211 355 211 354 211 353 211 352 212 352 212 351 212 350 212 349 212 348 213 348 213 347 213 346 214 346 214 345 214 344 214 343 215 343 215 342 215 341 215 340 216 340 216 339 216 338 217 338 217 337 217 336 218 336 218 335 218 334 218 333 219 333 219 332 219 331 220 331 220 330 220 329 220 328 221 328 221 327 221 326 221 325 222 325 222 324 222 323 223 323 223 322 223 321 224 321 224 320 224 319 225 319 225 318 225 317 225 316 226 316 226 315 226 314 226 313 226 312 227 312 227 311 227 310 228 310 228 309 228 308 229 308 229 307 229 306 229 305 230 305 230 304 230 303 230 302 230 301 231 301 231 300 231 299 231 298 232 298 232 297 232 296 
15 50
206 236 207 236 208 236 209 236 209 235 209 234 209 233 209 232 210 232 210 231 211 231 211 230 211 229 211 228 211 227 212 227 212 226 213 226 213 225 214 225 215 225 216 225 217 225 217 224 218 224 219 224 220 224 221 224 222 224 222 223 222 222 222 221 223 221 224 221 224 220 224 219 224 218 224 217 224 216 225 216 226 216 226 215 227 215 228 215 228 214 228 213 228 212 228 211 228 210 228 209 
16 83
216 276 216 276 217 276 218 276 219 276 219 275 219 274 219 273 219 272 219 271 219 270 220 270 220 269 220 268 220 267 221 267 222 267 222 266 223 266 223 265 224 265 225 265 225 264 226 264 226 263 226 262 227 262 227 261 228 261 228 260 228 259 228 258 228 257 227 257 226 257 225 257 224 257 224 256 224 256 225 256 226 256 226 255 226 254 226 253 225 253 225 252 225 251 224 251 223 251 223 250 222 250 221 250 221 249 220 249 220 248 220 247 220 246 220 245 220 244 219 244 218 244 218 243 217 243 217 242 216 242 215 242 214 242 213 242 212 242 212 241 211 241 210 241 210 240 209 240 209 239 208 239 207 239 207 238 206 238 205 238 205 237 205 236 206 236 
17 40
216 276 217 276 218 276 219 276 220 276 220 277 221 277 222 277 223 277 224 277 225 277 226 277 227 277 228 277 228 278 228 279 228 280 227 280 227 281 227 282 227 283 227 284 227 285 228 285 228 286 228 287 229 287 229 288 229 289 230 289 230 290 230 291 231 291 231 292 231 293 231 294 232 294 232 295 232 296 232 296 
18 205
48 200 49 200 49 201 50 201 51 201 52 201 53 201 54 201 55 201 56 201 57 201 57 202 58 202 59 202 60 202 60 203 61 203 61 204 61 205 62 205 63 205 64 205 65 205 65 204 66 204 67 204 68 204 68 203 69 203 70 203 70 202 71 202 72 202 73 202 74 202 74 203 75 203 76 203 77 203 77 204 78 204 79 204 80 204 80 205 81 205 82 205 83 205 84 205 85 205 85 206 86 206 87 206 88 206 89 206 89 207 90 207 90 208 91 208 92 208 93 208 93 209 94 209 95 209 96 209 96 210 97 210 98 210 99 210 100 210 100 211 101 211 102 211 102 212 103 212 104 212 104 213 105 213 106 213 106 214 107 214 108 214 109 214 110 214 111 214 112 214 113 214 114 214 115 214 116 214 117 214 118 214 119 214 119 213 120 213 121 213 122 213 123 213 124 213 124 214 125 214 126 214 127 214 128 214 129 214 130 214 130 215 131 215 132 215 133 215 133 216 134 216 135 216 136 216 136 217 136 218 137 218 137 219 137 220 137 221 137 222 137 223 138 223 139 223 140 223 141 223 142 223 143 223 144 223 145 223 145 224 146 224 147 224 148 224 149 224 150 224 151 224 152 224 152 225 152 226 153 226 154 226 155 226 156 226 157 226 158 226 158 227 159 227 160 227 160 228 161 228 162 228 163 228 164 228 164 229 165 229 166 229 167 229 167 230 168 230 169 230 170 230 171 230 172 230 172 231 173 231 174 231 175 231 175 232 176 232 177 232 178 232 179 232 179 233 180 233 181 233 182 233 183 233 184 233 184 234 185 234 186 234 187 234 188 234 189 234 189 235 190 235 191 235 192 235 192 236 193 236 194 236 195 236 196 236 197 236 198 236 198 237 199 237 200 237 201 237 202 237 203 237 204 237 205 237 205 236 206 236 
19 218
76 352 76 351 76 350 76 349 77 349 77 348 78 348 78 347 79 347 79 346 80 346 80 345 81 345 82 345 82 344 83 344 83 343 84 343 84 342 85 342 85 341 86 341 86 340 87 340 88 340 89 340 90 340 90 339 91 339 91 338 91 337 92 337 93 337 94 337 95 337 95 336 96 336 97 336 97 335 98 335 99 335 100 335 101 335 101 334 102 334 103 334 103 333 104 333 104 332 105 332 106 332 107 332 108 332 109 332 109 331 110 331 110 330 111 330 111 329 111 328 111 327 111 326 112 326 113 326 113 325 114 325 115 325 115 324 116 324 117 324 118 324 119 324 119 323 120 323 120 322 120 322 121 322 122 322 122 321 123 321 124 321 125 321 126 321 127 321 128 321 128 320 128 319 129 319 130 319 131 319 131 318 132 318 132 317 133 317 134 317 134 316 135 316 135 315 136 315 137 315 137 314 138 314 139 314 140 314 141 314 141 313 142 313 142 312 143 312 144 312 144 311 145 311 145 310 146 310 147 310 148 310 148 309 149 309 149 308 150 308 150 307 151 307 152 307 152 306 153 306 154 306 155 306 156 306 157 306 158 306 159 306 160 306 160 305 161 305 162 305 162 304 163 304 163 303 164 303 165 303 166 303 166 302 167 302 167 301 168 301 169 301 169 300 170 300 170 299 171 299 172 299 172 298 173 298 173 297 174 297 175 297 176 297 177 297 177 296 178 296 178 295 179 295 180 295 181 295 182 295 183 295 183 294 184 294 185 294 186 294 186 293 187 293 187 292 187 291 188 291 188 290 189 290 189 289 189 288 189 287 190 287 191 287 191 286 192 286 193 286 193 285 194 285 194 284 195 284 196 284 196 283 197 283 197 282 198 282 199 282 199 281 200 281 201 281 201 280 202 280 203 280 203 279 204 279 204 278 205 278 206 278 207 278 207 277 208 277 209 277 209 276 210 276 211 276 212 276 213 276 214 276 215 276 216 276 
20 129
426 127 426 126 426 125 426 124 426 123 425 123 425 122 424 122 424 121 424 120 424 119 423 119 423 118 423 117 422 117 422 116 422 115 421 115 421 114 421 113 421 112 420 112 420 111 420 110 419 110 419 109 419 108 418 108 418 107 417 107 417 106 417 105 417 104 416 104 416 103 415 103 415 102 415 101 414 101 414 100 413 100 413 99 412 99 412 98 412 97 411 97 411 96 410 96 410 95 409 95 409 94 408 94 408 93 408 92 407 92 407 91 406 91 406 90 405 90 405 89 405 88 404 88 404 87 403 87 403 86 402 86 401 86 401 85 400 85 400 84 399 84 398 84 398 83 397 83 397 82 396 82 396 81 395 81 394 81 394 80 393 80 393 79 392 79 391 79 391 78 390 78 389 78 389 77 388 77 388 76 387 76 387 75 386 75 386 74 385 74 384 74 384 73 383 73 383 72 382 72 381 72 381 71 380 71 380 70 379 70 379 69 378 69 378 68 377 68 377 67 376 67 376 66 375 66 375 65 374 65 374 64 373 64 373 63 372 63 372 62 371 62 370 62 370 61 369 61 368 61 368 60 367 60 367 59 366 59 
21 114
366 59 365 59 365 58 364 58 364 57 363 57 363 56 362 56 361 56 361 55 360 55 360 54 359 54 358 54 358 53 357 53 356 53 355 53 355 52 354 52 353 52 353 51 352 51 352 50 351 50 350 50 349 50 349 49 348 49 347 49 347 48 346 48 345 48 345 47 344 47 343 47 342 47 342 46 341 46 340 46 339 46 338 46 338 45 337 45 336 45 335 45 334 45 334 44 333 44 332 44 331 44 330 44 330 43 329 43 328 43 327 43 326 43 325 43 324 43 324 42 323 42 322 42 321 42 320 42 319 42 318 42 318 41 317 41 316 41 315 41 314 41 313 41 312 41 312 40 311 40 310 40 309 40 308 40 308 39 307 39 306 39 305 39 304 39 303 39 302 39 301 39 300 39 299 39 298 39 297 39 297 40 296 40 295 40 294 40 293 40 293 41 292 41 292 42 291 42 291 43 290 43 289 43 289 44 288 44 288 45 287 45 286 45 285 45 284 45 284 44 284 43 284 42 284 41 284 42 
22 80
402 372 401 372 401 373 401 374 401 375 401 376 401 377 401 378 401 379 401 380 402 380 402 381 402 382 403 382 403 383 403 384 403 385 403 386 403 387 402 387 402 388 402 389 401 389 401 390 401 391 400 391 400 392 399 392 399 393 399 394 398 394 398 395 397 395 397 396 396 396 396 397 395 397 395 398 394 398 394 399 393 399 393 400 393 401 392 401 392 402 391 402 391 403 391 404 390 404 390 405 389 405 389 406 388 406 387 406 387 407 387 408 386 408 386 409 385 409 384 409 384 410 383 410 382 410 382 411 381 411 381 412 380 412 380 413 379 413 378 413 378 414 377 414 377 415 376 415 376 416 375 416 375 417 374 417 374 418 373 418 
23 90
373 418 372 418 372 419 371 419 371 420 370 420 370 421 369 421 369 422 369 423 368 423 368 424 367 424 366 424 366 425 365 425 364 425 363 425 363 426 362 426 361 426 361 427 360 427 360 428 359 428 358 428 358 429 357 429 357 430 356 430 355 430 355 431 354 431 354 432 353 432 352 432 352 433 351 433 350 433 350 434 349 434 348 434 347 434 346 434 346 435 345 435 344 435 343 435 343 436 342 436 341 436 341 437 340 437 339 437 338 437 338 438 337 438 336 438 335 438 335 439 334 439 333 439 333 440 332 440 331 440 330 440 329 440 328 440 327 440 326 440 325 440 324 440 323 440 322 440 321 440 320 440 319 440 318 440 317 440 316 440 316 439 315 439 314 439 314 438 313 438 312 438 312 437 311 437 311 436 311 435 
24 33
373 418 373 418 374 418 374 419 375 419 376 419 376 420 377 420 378 420 379 420 379 421 380 421 380 422 380 423 380 424 380 425 380 426 381 426 381 427 381 428 381 429 382 429 383 429 383 430 384 430 384 431 384 432 385 432 385 433 386 433 386 434 386 435 386 436 
25 100
76 352 76 351 76 350 76 349 75 349 74 349 73 349 72 349 72 350 71 350 70 350 69 350 69 349 68 349 68 348 67 348 67 347 66 347 66 346 65 346 65 345 64 345 64 344 63 344 63 343 63 342 62 342 62 341 61 341 61 340 60 340 60 339 60 338 59 338 59 337 58 337 58 336 58 335 57 335 57 334 56 334 56 333 56 332 55 332 55 331 54 331 54 330 53 330 53 329 52 329 52 328 52 327 51 327 51 326 51 325 50 325 50 324 50 323 49 323 49 322 49 321 48 321 48 320 47 320 47 319 46 319 46 318 45 318 45 317 45 316 44 316 44 315 44 314 44 313 44 312 44 311 44 310 44 309 43 309 43 308 43 307 43 306 43 305 42 305 42 304 42 303 41 303 41 302 41 301 40 301 40 300 40 299 40 298 40 297 40 296 39 296 39 295 39 294 38 294 38 293 
26 123
38 293 38 292 38 292 38 291 38 290 38 289 38 288 38 287 39 287 39 286 39 285 39 284 39 283 38 283 38 282 38 281 37 281 37 280 37 279 36 279 36 278 36 277 35 277 35 276 34 276 33 276 33 275 33 274 33 273 33 272 34 272 34 271 34 270 34 269 33 269 33 268 33 267 33 266 33 265 33 264 33 263 32 263 32 262 32 261 32 260 32 259 32 258 32 257 32 256 32 255 32 254 32 253 32 252 32 251 32 250 32 249 32 248 32 247 31 247 31 246 31 245 31 244 31 243 31 242 31 241 32 241 32 240 32 239 32 238 32 237 32 236 32 235 33 235 33 234 33 233 33 232 33 231 33 230 33 229 33 228 33 227 33 226 34 226 34 225 34 224 34 223 34 222 34 221 35 221 35 220 35 219 35 218 35 217 35 216 36 216 36 215 36 214 36 213 37 213 37 212 37 211 37 210 38 210 38 209 38 208 38 207 39 207 39 206 39 205 40 205 40 204 40 203 41 203 41 202 42 202 42 201 43 201 44 201 45 201 45 200 46 200 47 200 48 200 
27 29
38 293 39 294 39 295 38 295 37 295 36 295 35 295 34 295 33 295 32 295 31 295 30 295 29 295 29 296 28 296 27 296 26 296 25 296 24 296 23 296 23 297 22 297 22 298 21 298 20 298 19 298 18 298 17 298 17 297 
28 58
284 42 284 41 284 40 283 40 283 39 282 39 282 38 281 38 280 38 280 37 279 37 278 37 278 36 277 36 277 35 276 35 276 34 275 34 274 34 274 33 273 33 272 33 271 33 270 33 270 32 269 32 268 32 268 31 267 31 266 31 265 31 265 30 264 30 263 30 262 30 261 30 260 30 259 30 258 30 258 29 257 29 256 29 255 29 254 29 253 29 252 29 251 29 250 29 249 29 248 29 247 29 246 29 245 29 244 29 243 29 242 29 241 29 240 29 
29 137
240 29 239 29 238 29 237 29 236 29 235 29 235 30 234 30 233 30 232 30 231 30 230 30 229 30 228 30 227 30 226 30 225 30 224 30 223 30 222 30 222 31 221 31 220 31 219 31 218 31 217 31 216 31 215 31 214 31 214 32 213 32 212 32 211 32 210 32 209 32 208 32 207 32 206 32 206 33 205 33 204 33 203 33 202 33 201 33 200 33 199 33 199 34 198 34 197 34 196 34 195 34 194 34 193 34 193 35 192 35 191 35 191 36 190 36 190 37 189 37 188 37 187 37 187 38 186 38 185 38 185 39 184 39 183 39 183 40 182 40 181 40 181 41 180 41 179 41 178 41 178 42 177 42 176 42 176 43 175 43 174 43 174 44 173 44 172 44 171 44 171 45 170 45 169 45 168 45 168 46 167 46 167 47 166 47 165 47 165 48 164 48 163 48 163 49 162 49 161 49 161 50 160 50 160 51 159 51 159 52 158 52 157 52 157 53 156 53 156 54 155 54 154 54 154 55 153 55 153 56 153 57 152 57 152 58 152 59 151 59 151 60 151 61 151 62 151 63 151 64 151 65 151 66 150 66 150 67 149 67 148 67 148 66 147 66 146 66 146 65 145 65 144 65 
30 27
240 29 240 26 240 25 240 24 240 23 240 22 240 21 240 20 240 19 239 19 239 18 239 17 239 16 239 15 239 14 240 14 241 14 241 13 241 13 241 12 241 11 241 10 241 9 241 8 241 7 240 7 239 7 
31 199
391 50 390 50 390 49 389 49 389 48 388 48 387 48 387 47 386 47 386 46 385 46 385 45 384 45 384 44 383 44 383 43 382 43 381 43 381 42 380 42 380 41 379 41 378 41 378 40 377 40 377 39 376 39 375 39 375 38 374 38 373 38 373 37 372 37 372 36 371 36 370 36 370 35 369 35 368 35 368 34 367 34 366 34 366 33 365 33 364 33 364 32 363 32 362 32 362 31 361 31 360 31 360 30 359 30 358 30 358 29 357 29 356 29 356 28 355 28 354 28 354 27 353 27 352 27 352 26 351 26 350 26 350 25 349 25 348 25 348 24 347 24 346 24 345 24 345 23 344 23 343 23 342 23 342 22 341 22 340 22 339 22 339 21 338 21 337 21 336 21 336 20 335 20 334 20 333 20 333 19 332 19 331 19 330 19 330 18 329 18 328 18 327 18 327 17 326 17 325 17 324 17 323 17 322 17 322 16 321 16 320 16 320 15 319 15 318 15 317 15 316 15 316 14 315 14 314 14 314 14 313 14 313 13 312 13 311 13 310 13 310 12 309 12 308 12 307 12 306 12 305 12 304 12 304 11 303 11 302 11 301 11 300 11 299 11 299 10 298 10 297 10 296 10 295 10 294 10 293 10 292 10 291 10 290 10 289 10 288 10 287 10 286 10 285 10 284 10 284 9 283 9 282 9 281 9 281 8 280 8 279 8 278 8 278 7 277 7 276 7 275 7 274 7 273 7 272 7 271 7 270 7 269 7 268 7 267 7 266 7 265 7 264 7 264 6 263 6 262 6 261 6 260 6 259 6 258 6 257 6 256 6 255 6 254 6 253 6 252 6 251 6 250 6 249 6 248 6 247 6 246 6 245 6 244 6 243 6 242 6 242 7 241 7 240 7 239 7 
32 47
391 50 390 50 390 49 389 49 389 48 388 48 387 48 387 47 386 47 386 46 385 46 385 45 384 45 384 44 383 44 382 44 382 45 382 46 381 46 380 46 380 47 380 48 380 49 380 50 380 51 379 51 378 51 377 51 376 51 375 51 375 52 374 52 374 53 374 54 373 54 372 54 371 54 370 54 370 55 369 55 368 55 368 56 367 56 366 56 366 57 366 58 366 59 
33 263
239 7 238 7 237 7 236 7 235 7 234 7 233 7 232 7 232 8 231 8 230 8 229 8 228 8 227 8 226 8 225 8 224 8 223 8 222 8 221 8 220 8 219 8 218 8 217 8 216 8 215 8 215 9 214 9 213 9 212 9 211 9 210 9 210 10 209 10 208 10 207 10 206 10 205 10 204 10 204 11 203 11 202 11 201 11 201 12 200 12 199 12 198 12 197 12 197 13 196 13 195 13 194 13 193 13 193 14 192 14 191 14 190 14 189 14 188 14 187 14 187 15 186 15 185 15 184 15 183 15 182 15 181 15 181 16 180 16 179 16 178 16 177 16 177 17 176 17 175 17 174 17 174 18 173 18 172 18 171 18 171 19 170 19 169 19 168 19 168 20 167 20 166 20 166 21 165 21 164 21 164 22 163 22 162 22 162 23 161 23 160 23 160 24 159 24 158 24 157 24 157 25 156 25 155 25 155 26 154 26 153 26 153 27 152 27 152 28 151 28 150 28 150 29 149 29 148 29 148 30 147 30 146 30 146 31 145 31 144 31 143 31 143 32 142 32 142 33 141 33 140 33 140 34 139 34 138 34 138 35 137 35 136 35 136 36 135 36 134 36 133 36 132 36 132 37 131 37 130 37 130 38 129 38 128 38 128 39 127 39 127 40 126 40 126 41 125 41 124 41 124 42 123 42 123 43 122 43 122 44 121 44 120 44 120 45 119 45 118 45 118 46 117 46 116 46 116 47 115 47 114 47 114 48 113 48 113 49 112 49 111 49 111 50 110 50 110 51 109 51 109 52 108 52 108 53 107 53 106 53 106 54 105 54 105 55 104 55 103 55 103 56 102 56 101 56 100 56 100 57 99 57 99 58 98 58 97 58 97 59 96 59 96 60 95 60 94 60 94 61 93 61 93 62 92 62 92 63 91 63 91 64 90 64 90 65 89 65 88 65 88 66 87 66 87 67 86 67 86 68 85 68 85 69 84 69 84 70 83 70 83 71 83 72 82 72 82 73 81 73 81 74 80 74 80 75 79 75 78 75 78 76 77 76 77 77 76 77 75 77 75 78 74 78 74 79 73 79 73 80 72 80 72 81 71 81 71 82 70 82 70 83 69 83 69 84 69 85 68 85 68 86 67 86 67 87 66 87 66 88 65 88 65 89 64 89 64 90 64 91 63 91 63 92 62 92 
34 265
62 92 62 93 61 93 61 94 60 94 60 95 60 96 59 96 59 97 58 97 58 98 57 98 57 99 56 99 56 100 55 100 55 101 55 102 54 102 54 103 53 103 53 104 52 104 52 105 51 105 51 106 50 106 50 107 50 108 49 108 49 109 49 110 49 111 48 111 48 112 47 112 47 113 47 114 46 114 46 115 45 115 45 116 44 116 44 117 44 118 43 118 43 119 42 119 42 120 42 121 41 121 41 122 41 123 40 123 40 124 40 125 39 125 39 126 38 126 38 127 38 128 38 129 37 129 37 130 36 130 36 131 36 132 35 132 35 133 35 134 34 134 34 135 33 135 33 136 33 137 33 138 32 138 32 139 32 140 31 140 31 141 31 142 30 142 30 143 29 143 29 144 29 145 28 145 28 146 28 147 28 148 27 148 27 149 27 150 27 151 26 151 26 152 26 153 26 154 25 154 25 155 25 156 24 156 24 157 24 158 23 158 23 159 23 160 23 161 22 161 22 162 22 163 22 164 22 165 21 165 21 166 21 167 21 168 21 169 21 170 20 170 20 171 20 172 20 173 19 173 19 174 19 175 19 176 18 176 18 177 18 178 18 179 18 180 18 181 17 181 17 182 17 183 17 184 16 184 16 185 16 186 16 187 16 188 16 189 15 189 15 190 15 191 15 192 15 193 14 193 14 194 14 195 14 196 13 196 13 197 13 198 13 199 13 200 12 200 12 201 12 202 12 203 12 204 11 204 11 205 11 206 11 207 11 208 11 209 11 210 11 211 11 212 11 213 11 214 11 215 11 216 11 217 11 218 10 218 10 219 10 220 10 221 10 222 9 222 9 223 9 224 9 225 9 226 9 227 9 228 9 229 9 230 9 231 9 232 9 233 9 234 9 235 9 236 9 237 9 238 9 239 9 240 9 241 9 242 9 243 9 244 9 245 9 246 9 247 9 248 9 249 9 250 9 251 9 252 9 253 9 254 9 255 9 256 9 257 9 258 9 259 9 260 9 261 9 262 10 262 10 263 10 264 10 265 10 266 11 266 11 267 11 268 11 269 11 270 11 271 11 272 11 273 11 274 11 275 12 275 12 276 12 277 12 278 12 279 13 279 13 280 13 281 13 282 13 283 14 283 14 284 14 285 14 286 14 287 14 288 14 289 15 289 15 290 15 291 15 292 15 293 16 293 16 294 16 295 17 297 
35 36
79 108 78 106 77 106 76 106 75 106 74 106 73 106 72 106 71 106 71 105 70 105 70 104 70 103 70 102 70 101 70 101 69 101 68 101 68 100 68 99 68 98 68 97 68 96 67 96 67 95 66 95 66 94 65 94 64 94 63 94 62 94 62 93 62 92 62 91 61 91 62 92 
36 109
144 65 143 65 142 65 141 65 140 65 139 65 138 65 138 66 137 66 136 66 135 66 135 67 134 67 133 67 132 67 131 67 131 68 130 68 129 68 129 69 128 69 128 70 127 70 126 70 126 71 125 71 124 71 124 72 123 72 122 72 122 73 121 73 120 73 119 73 118 73 118 74 117 74 116 74 116 75 115 75 114 75 114 76 113 76 113 77 112 77 111 77 111 78 110 78 110 79 109 79 108 79 108 80 108 81 107 81 107 82 106 82 106 83 105 83 105 84 104 84 103 84 103 85 102 85 101 85 101 86 100 86 100 87 99 87 99 88 98 88 98 89 97 89 97 90 96 90 96 91 95 91 94 91 94 92 93 92 93 93 92 93 92 94 91 94 91 95 90 95 90 96 89 96 88 96 88 97 87 97 87 98 86 98 86 99 85 99 85 100 85 101 84 101 84 102 83 102 83 103 83 104 82 104 82 105 81 105 81 106 81 107 80 107 80 108 79 108 
37 142
79 108 79 109 78 109 77 109 76 109 76 110 76 111 76 112 76 113 76 114 75 114 75 115 74 115 74 116 73 116 73 117 72 117 72 118 71 118 71 119 71 120 72 120 73 120 72 118 71 118 71 119 70 119 70 120 69 120 69 121 69 122 68 122 68 123 67 123 67 124 66 124 66 125 65 125 65 126 65 127 64 127 64 128 63 128 63 129 62 129 62 130 62 131 61 131 61 132 61 133 60 133 60 134 60 135 59 135 59 136 59 137 58 137 58 138 58 139 58 140 57 140 57 141 57 142 56 142 56 143 56 144 55 144 55 145 54 145 54 146 54 147 53 147 53 148 53 149 52 149 52 150 52 151 51 151 51 152 51 153 51 154 50 154 50 155 50 156 49 156 49 157 49 158 48 158 48 159 48 160 48 161 48 162 47 162 47 163 47 164 47 165 46 165 46 166 46 167 46 168 46 169 46 170 45 170 45 171 45 172 45 173 45 174 45 175 45 176 45 177 45 178 45 179 45 180 44 180 44 181 44 182 43 182 43 183 43 184 43 185 42 185 42 186 42 187 42 188 42 189 42 190 42 191 42 192 42 193 42 194 43 194 43 195 43 196 44 196 44 197 45 197 46 197 46 198 47 198 47 199 47 200 48 200 
38 111
188 435 188 434 187 434 187 433 187 432 186 432 185 432 185 433 185 434 185 435 184 435 184 436 183 436 182 436 182 437 182 438 182 439 181 439 181 440 180 440 179 440 178 440 178 441 177 441 176 441 175 441 174 441 173 441 172 441 171 441 170 441 169 441 168 441 167 441 166 441 165 441 164 441 163 441 163 440 162 440 161 440 161 439 160 439 159 439 158 439 157 439 157 438 156 438 155 438 154 438 153 438 153 437 152 437 151 437 151 436 150 436 149 436 149 435 148 435 147 435 147 434 146 434 146 433 145 433 144 433 144 432 143 432 142 432 142 431 141 431 140 431 140 430 139 430 139 429 138 429 137 429 137 428 136 428 136 427 135 427 135 426 134 426 134 425 133 425 132 425 132 424 131 424 130 424 130 423 129 423 128 423 128 422 127 422 127 421 126 421 126 420 125 420 125 419 124 419 124 418 123 418 122 418 122 417 121 417 121 416 120 416 120 415 119 415 119 414 118 414 118 413 
39 106
118 413 117 413 117 412 116 412 116 411 115 411 115 410 114 410 114 409 113 409 113 408 112 408 112 407 111 407 110 407 109 407 108 407 108 406 108 405 107 405 107 404 107 403 106 403 106 402 105 402 105 401 104 401 104 400 103 400 102 400 102 399 101 399 100 399 100 398 99 398 99 397 98 397 97 397 97 396 96 396 96 395 96 394 95 394 95 393 95 392 94 392 94 391 93 391 93 390 93 389 93 388 92 388 92 387 91 387 91 386 90 386 90 385 89 385 89 384 88 384 88 383 87 383 87 382 86 382 86 381 86 380 85 380 85 379 84 379 84 378 84 377 83 377 83 376 83 375 82 375 82 374 82 373 82 372 81 372 81 371 81 370 80 370 80 369 80 368 79 368 79 367 79 366 79 365 79 364 78 364 78 363 77 363 77 362 77 361 76 361 76 360 76 359 75 359 75 358 75 357 75 356 75 355 75 354 75 353 75 352 76 352 
40 40
103 431 104 431 105 431 105 430 105 429 105 428 105 427 105 426 106 426 106 425 106 424 107 424 108 424 109 424 110 424 111 424 111 425 111 425 111 424 111 423 111 422 111 421 111 420 112 420 113 420 113 419 114 419 114 418 115 418 116 418 117 418 118 418 119 418 119 417 119 416 119 415 119 414 118 414 118 413 118 413 
41 224
17 297 16 297 16 297 17 297 17 298 17 299 17 300 18 300 18 301 18 302 18 303 19 303 19 304 19 305 19 306 19 307 20 307 20 308 20 309 20 310 21 310 21 311 21 312 21 313 22 313 22 314 22 315 23 315 23 316 23 317 23 318 23 319 24 319 24 320 24 321 24 322 25 322 25 323 25 324 26 324 26 325 26 326 27 326 27 327 27 328 28 328 28 329 28 330 28 331 29 331 29 332 29 333 30 333 30 334 30 335 31 335 31 336 31 337 32 337 32 338 32 339 33 339 33 340 33 341 34 341 34 342 34 343 35 343 35 344 35 345 36 345 36 346 36 347 37 347 37 348 38 348 38 349 38 350 39 350 39 351 39 352 40 352 40 353 40 354 41 354 41 355 41 356 42 356 42 357 42 358 43 358 43 359 43 360 44 360 44 361 44 362 45 362 45 363 46 363 46 364 46 365 47 365 47 366 47 367 48 367 48 368 48 369 49 369 49 370 50 370 50 371 51 371 51 372 51 373 52 373 52 374 53 374 53 375 53 376 54 376 54 377 55 377 55 378 56 378 56 379 57 379 57 380 57 381 58 381 58 382 58 383 59 383 59 384 59 385 60 385 60 386 61 386 62 386 62 387 63 387 63 388 64 388 64 389 64 390 65 390 65 391 65 392 66 392 66 393 67 393 67 394 67 395 68 395 68 396 69 396 69 397 70 397 70 398 71 398 71 399 72 399 72 400 73 400 73 401 74 401 74 402 74 403 75 403 75 404 76 404 76 405 77 405 77 406 78 406 78 407 79 407 79 408 80 408 80 409 81 409 81 410 82 410 82 411 83 411 83 412 84 412 84 413 85 413 85 414 85 415 86 415 86 416 87 416 87 417 88 417 88 418 89 418 89 419 90 419 91 419 91 420 92 420 92 421 93 421 93 422 94 422 94 423 95 423 95 424 96 424 96 425 97 425 97 426 98 426 98 427 99 427 99 428 100 428 100 429 101 429 101 430 102 430 103 430 103 431 
42 389
103 431 104 431 105 431 105 432 106 432 106 433 107 433 107 434 108 434 108 435 109 435 109 436 110 436 110 437 111 437 111 438 112 438 112 439 113 439 114 439 114 440 115 440 115 441 116 441 117 441 117 442 118 442 118 443 119 443 120 443 120 444 121 444 122 444 122 445 123 445 123 446 124 446 125 446 125 447 126 447 127 447 127 448 128 448 128 449 129 449 130 449 130 450 131 450 132 450 132 451 133 451 134 451 134 452 135 452 136 452 136 453 137 453 138 453 138 454 139 454 140 454 141 454 141 455 142 455 143 455 144 455 144 456 145 456 145 457 146 457 147 457 147 458 148 458 149 458 149 459 150 459 151 459 151 460 152 460 153 460 153 461 154 461 155 461 155 462 156 462 157 462 158 462 158 463 159 463 160 463 160 464 161 464 162 464 163 464 163 465 164 465 165 465 166 465 167 465 168 465 168 466 169 466 170 466 170 467 171 467 172 467 172 468 173 468 173 469 174 469 175 469 175 470 176 470 177 470 178 470 178 471 179 471 180 471 181 471 181 472 182 472 183 472 184 472 184 473 185 473 186 473 186 474 187 474 188 474 189 474 190 474 190 475 191 475 192 475 193 475 194 475 194 476 195 476 196 476 197 476 197 477 198 477 199 477 200 477 201 477 202 477 203 477 203 478 204 478 205 478 205 479 206 479 207 479 208 479 209 479 210 479 211 479 211 480 212 480 213 480 214 480 215 480 215 481 216 481 217 481 218 481 219 481 220 481 221 481 222 481 223 481 223 482 224 482 225 482 226 482 227 482 228 482 229 482 230 482 231 482 232 482 233 482 234 482 235 482 236 482 237 482 237 483 238 483 239 483 240 483 241 483 242 483 243 483 244 483 245 483 246 483 247 483 248 483 249 483 250 483 251 483 252 483 253 483 254 483 255 483 256 483 257 483 257 482 258 482 259 482 260 482 261 482 262 482 263 482 264 482 265 482 266 482 267 482 268 482 268 481 269 481 270 481 271 481 272 481 273 481 274 481 275 481 276 481 276 480 277 480 278 480 279 480 280 480 280 479 281 479 282 479 283 479 284 479 284 478 285 478 286 478 286 477 287 477 288 477 289 477 289 476 290 476 291 476 291 475 292 475 293 475 294 475 294 474 295 474 295 473 296 473 297 473 297 472 298 472 299 472 300 472 300 471 301 471 302 471 302 470 303 470 304 470 304 469 305 469 306 469 307 469 307 468 308 468 309 468 310 468 310 467 311 467 312 467 313 467 314 467 315 467 316 467 317 467 318 467 319 467 320 467 321 467 322 467 323 467 324 467 325 467 326 467 327 467 328 467 329 467 330 467 331 467 331 466 332 466 333 466 334 466 334 465 335 465 336 465 337 465 337 464 338 464 339 464 339 463 340 463 341 463 342 463 342 462 343 462 344 462 344 461 345 461 345 460 346 460 347 460 347 459 348 459 349 459 349 458 350 458 351 458 351 457 352 457 353 457 353 456 354 456 355 456 355 455 356 455 357 455 357 454 358 454 359 454 359 453 360 453 361 453 361 452 362 452 363 452 363 451 364 451 365 451 365 450 366 450 367 450 367 449 368 449 369 449 369 448 370 448 371 448 371 447 372 447 373 447 374 447 374 446 375 446 375 445 376 445 377 445 377 444 378 444 378 443 379 443 380 443 380 442 381 442 381 441 382 441 382 440 383 440 384 440 384 439 385 439 385 438 386 438 386 437 387 437 388 437 388 436 388 435 388 434 387 434 386 436 
43 101
453 266 454 266 455 266 456 266 456 265 456 264 457 264 458 264 459 264 460 264 460 263 461 263 462 263 463 263 463 262 464 262 464 261 465 261 465 260 466 260 466 259 466 258 466 257 466 256 466 255 466 254 467 254 467 253 467 252 467 251 467 250 467 249 468 249 468 248 468 247 468 246 468 245 468 244 468 243 468 242 467 242 467 241 467 240 467 239 467 238 467 237 467 236 467 235 467 234 467 233 467 232 467 231 467 230 467 229 467 228 467 227 467 226 467 225 467 224 467 223 467 222 467 221 467 220 467 219 466 219 466 218 466 217 466 216 466 215 466 214 466 213 466 212 466 211 466 210 466 209 466 208 466 207 466 206 466 205 466 204 466 203 466 202 465 202 464 202 463 202 463 201 463 200 463 199 462 199 462 198 462 197 462 196 461 196 461 195 461 194 461 193 460 193 460 192 460 191 460 190 460 189 
44 100
460 189 459 189 459 188 459 187 458 187 458 186 457 186 457 185 457 184 457 183 457 182 457 181 456 181 456 180 456 179 455 179 455 178 454 178 454 177 453 177 453 176 453 175 452 175 452 174 452 173 452 172 452 171 452 170 452 169 452 168 452 167 452 166 451 166 451 165 451 164 451 163 450 163 450 162 450 161 450 160 449 160 449 159 449 158 448 158 448 157 447 157 447 156 446 156 446 155 446 154 445 154 445 153 445 152 444 152 444 151 444 150 443 150 443 149 442 149 442 148 441 148 441 147 441 146 440 146 440 145 439 145 439 144 438 144 438 143 437 143 437 142 436 142 436 141 436 140 436 139 435 139 435 138 434 138 434 137 433 137 432 137 432 136 431 136 430 136 430 135 429 135 428 135 427 135 426 135 426 134 425 134 425 133 425 132 425 131 426 131 426 130 426 129 426 128 426 127 426 127 
45 25
480 185 480 186 479 186 478 186 477 186 476 186 475 186 474 186 473 186 472 186 471 186 470 186 470 186 469 186 468 186 467 186 466 186 466 187 466 188 465 188 464 188 463 188 462 188 461 188 460 189 
46 369
386 436 386 436 386 437 387 437 388 437 388 436 389 436 389 435 390 435 391 435 391 434 392 434 392 433 393 433 394 433 394 432 395 432 395 431 396 431 397 431 397 430 398 430 398 429 399 429 399 428 400 428 401 428 401 427 402 427 402 426 403 426 403 425 404 425 405 425 405 424 406 424 406 423 407 423 407 422 408 422 408 421 409 421 409 420 410 420 410 419 411 419 411 418 412 418 413 418 413 417 414 417 415 417 415 416 416 416 416 415 417 415 418 415 418 414 419 414 419 413 420 413 420 412 421 412 421 411 422 411 422 410 423 410 423 409 424 409 424 408 425 408 425 407 426 407 426 406 427 406 427 405 428 405 428 404 429 404 430 404 430 403 430 402 431 402 431 401 432 401 432 400 433 400 433 399 434 399 434 398 435 398 435 397 436 397 436 396 436 395 437 395 437 394 438 394 438 393 438 392 439 392 439 391 440 391 440 390 441 390 441 389 442 389 442 388 443 388 443 387 444 387 444 386 445 386 445 385 445 384 446 384 446 383 447 383 447 382 448 382 448 381 448 380 449 380 449 379 450 379 450 378 451 378 451 377 452 377 452 376 452 375 453 375 453 374 453 373 454 373 454 372 455 372 455 371 455 370 456 370 456 369 457 369 457 368 457 367 458 367 458 366 458 365 459 365 459 364 460 364 460 363 460 362 461 362 461 361 462 361 462 360 463 360 463 359 464 359 464 358 465 358 465 357 466 357 466 356 466 355 467 355 467 354 468 354 468 353 469 353 469 352 469 351 470 351 470 350 470 349 471 349 471 348 471 347 472 347 472 346 472 345 473 345 473 344 473 343 474 343 474 342 474 341 475 341 475 340 475 339 476 339 476 338 476 337 477 337 477 336 477 335 478 335 478 334 478 333 479 333 479 332 479 331 479 330 480 330 480 329 480 328 480 327 480 326 481 326 481 325 481 324 481 323 481 322 482 322 482 321 482 320 482 319 482 318 482 317 483 317 483 316 483 315 483 314 483 313 483 312 483 311 483 310 483 309 483 308 483 307 484 307 484 306 484 305 484 304 484 303 484 302 485 302 485 301 485 300 485 299 485 298 486 298 486 297 486 296 486 295 486 294 486 293 486 292 487 292 487 291 487 290 487 289 487 288 487 287 487 286 487 285 487 284 487 283 487 282 487 281 487 280 488 280 488 279 488 278 488 277 489 277 489 276 489 275 489 274 489 273 489 272 489 271 489 270 489 269 489 268 489 267 489 266 489 265 489 264 490 264 490 263 490 262 490 261 490 260 490 259 490 258 490 257 490 256 490 255 490 254 490 253 490 252 490 251 490 250 490 249 490 248 490 247 490 246 490 245 490 244 490 243 489 243 489 242 489 241 489 240 489 239 489 238 489 237 489 236 489 235 489 234 489 233 489 232 489 231 489 230 489 229 489 228 489 227 488 227 488 226 488 225 488 224 488 223 488 222 487 222 487 221 487 220 487 219 487 218 487 217 487 216 486 216 486 215 486 214 486 213 486 212 485 212 485 211 485 210 485 209 485 208 485 207 485 206 485 205 484 205 484 204 484 203 484 202 484 201 484 200 484 199 483 199 483 198 483 197 483 196 483 195 482 195 482 194 482 193 482 192 482 191 481 191 481 190 481 189 481 188 481 187 480 187 480 186 480 185 
47 225
480 185 480 184 480 183 479 183 479 182 479 181 479 180 478 180 478 179 478 178 478 177 478 176 478 175 477 175 477 174 477 173 477 172 477 171 476 171 476 170 476 169 476 168 475 168 475 167 475 166 475 165 474 165 474 164 474 163 473 163 473 162 473 161 472 161 472 160 471 160 471 159 471 158 470 158 470 157 470 156 470 155 469 155 469 154 469 153 469 152 469 151 468 151 468 150 468 149 468 148 467 148 467 147 467 146 466 146 466 145 466 144 466 143 465 143 465 142 465 141 464 141 464 140 464 139 463 139 463 138 462 138 462 137 462 136 462 135 461 135 461 134 461 133 460 133 460 132 460 131 459 131 459 130 459 129 458 129 458 128 457 128 457 127 457 126 456 126 456 125 456 124 455 124 455 123 454 123 454 122 454 121 453 121 453 120 452 120 452 119 452 118 452 117 451 117 451 116 451 115 451 114 450 114 450 113 450 112 449 112 449 111 448 111 448 110 447 110 447 109 446 109 446 108 445 108 445 107 444 107 444 106 444 105 443 105 443 104 443 103 442 103 442 102 442 101 441 101 441 100 440 100 440 99 440 98 439 98 439 97 438 97 438 96 438 95 437 95 437 94 436 94 436 93 435 93 435 92 434 92 434 91 434 90 433 90 433 89 432 89 432 88 431 88 431 87 431 86 430 86 430 85 429 85 429 84 428 84 428 83 427 83 427 82 426 82 426 81 425 81 425 80 424 80 424 79 423 79 423 78 423 77 422 77 422 76 421 76 421 75 421 74 420 74 420 73 419 73 419 72 418 72 418 71 417 71 417 70 416 70 416 69 415 69 415 68 414 68 414 67 413 67 413 66 412 66 412 65 411 65 411 64 410 64 410 63 409 63 409 62 408 62 408 61 407 61 406 61 406 60 405 60 405 59 404 59 403 59 403 58 402 58 402 57 401 57 401 56 400 56 400 55 399 55 398 55 398 54 397 54 397 53 396 53 395 53 395 52 394 52 394 51 393 51 392 51 392 50 391 50 
CtrlSeqSet
48
0 8
229 211 0 216 185 0 203 164 0 191 142 0 176 121 0 160 101 0 155 72 0 146 63 0 
1 5
229 211 0 242 215 0 250 217 0 262 212 0 269 205 0 
2 8
269 205 0 282 182 0 285 159 0 281 135 0 287 113 0 282 88 0 282 64 0 284 43 0 
3 4
269 205 0 279 207 0 287 216 0 301 215 0 
4 8
301 215 0 321 202 0 340 188 0 355 177 0 373 162 0 389 147 0 412 139 0 427 126 0 
5 5
301 215 0 302 227 0 304 237 0 306 245 0 313 250 0 
6 8
313 250 0 338 249 0 361 251 0 378 254 0 399 258 0 416 264 0 439 264 0 457 268 0 
7 5
313 250 0 305 255 0 298 261 0 303 269 0 307 274 0 
8 8
307 274 0 321 290 0 338 302 0 352 317 0 367 330 0 382 344 0 394 361 0 406 377 0 
9 8
406 377 0 420 373 0 436 360 0 447 342 0 455 321 0 462 299 0 462 274 0 457 268 0 
10 5
274 299 0 277 289 0 283 282 0 293 279 0 307 274 0 
11 8
311 440 0 304 416 0 297 397 0 294 376 0 289 356 0 284 335 0 277 316 0 274 299 0 
12 5
233 297 0 242 288 0 254 284 0 263 293 0 274 299 0 
13 5
311 440 0 285 455 0 251 460 0 212 456 0 186 439 0 
14 8
186 439 0 191 412 0 198 391 0 204 370 0 212 350 0 220 330 0 228 310 0 233 297 0 
15 5
205 238 0 211 229 0 218 224 0 224 218 0 229 211 0 
16 5
215 274 0 224 265 0 226 256 0 218 244 0 205 238 0 
17 4
215 274 0 225 277 0 227 283 0 233 297 0 
18 8
43 197 0 70 202 0 93 209 0 118 214 0 137 223 0 162 228 0 186 234 0 205 238 0 
19 8
75 349 0 93 337 0 113 325 0 135 316 0 157 306 0 178 295 0 197 282 0 215 274 0 
20 5
427 126 0 417 104 0 403 86 0 384 73 0 365 60 0 
21 5
365 60 0 348 49 0 326 43 0 302 39 0 284 43 0 
22 5
406 377 0 402 388 0 393 399 0 384 410 0 373 419 0 
23 5
373 419 0 360 427 0 346 435 0 329 440 0 311 440 0 
24 3
373 419 0 380 426 0 391 435 0 
25 5
75 349 0 63 342 0 52 328 0 44 311 0 37 291 0 
26 5
37 291 0 34 272 0 31 245 0 35 219 0 43 197 0 
27 3
37 291 0 28 296 0 16 295 0 
28 5
284 43 0 277 35 0 267 31 0 255 29 0 240 29 0 
29 5
240 29 0 209 32 0 183 40 0 160 51 0 146 63 0 
30 3
240 29 0 239 15 0 236 8 0 
31 5
390 49 0 361 31 0 326 17 0 285 10 0 236 8 0 
32 3
390 49 0 380 50 0 365 60 0 
33 5
236 8 0 182 15 0 137 35 0 96 59 0 62 94 0 
34 5
62 94 0 36 132 0 18 180 0 9 237 0 16 295 0 
35 3
81 110 0 68 100 0 62 94 0 
36 5
146 63 0 124 72 0 107 82 0 92 94 0 81 110 0 
37 5
81 110 0 66 124 0 54 147 0 45 173 0 43 197 0 
38 5
186 439 0 173 441 0 151 436 0 134 426 0 119 412 0 
39 5
119 412 0 104 401 0 92 387 0 81 372 0 75 349 0 
40 3
103 432 0 111 422 0 119 412 0 
41 5
16 295 0 31 336 0 51 372 0 75 404 0 103 432 0 
42 21
103 432 0 114 439 0 125 447 0 138 453 0 151 459 0 164 465 0 178 470 0 192 475 0 207 479 0 223 482 0 241 483 0 259 482 0 276 480 0 291 476 0 304 470 0 320 467 0 337 465 0 349 458 0 362 452 0 375 446 0 391 435 0 
43 5
457 268 0 466 254 0 467 232 0 466 208 0 459 189 0 
44 5
459 189 0 452 172 0 445 154 0 435 139 0 427 126 0 
45 3
479 184 0 470 186 0 459 189 0 
46 8
391 435 0 417 415 0 444 387 0 467 355 0 483 316 0 489 267 0 487 216 0 479 184 0 
47 4
479 184 0 450 114 0 404 59 0 390 49 0 
IfSplit
32
1 1 1 1 1 1 1 1 1 1 1 1 1 1 1 1 1 1 1 1 1 1 1 1 1 1 1 1 1 1 1 1 
jpt
32
146 63 0 229 211 0 284 43 0 269 205 0 427 126 0 301 215 0 457 268 0 313 250 0 307 274 0 406 377 0 274 299 0 311 440 0 233 297 0 186 439 0 205 238 0 215 274 0 43 197 0 75 349 0 365 60 0 373 419 0 391 435 0 37 291 0 16 295 0 240 29 0 236 8 0 390 49 0 62 94 0 81 110 0 119 412 0 103 432 0 459 189 0 479 184 0 
Seqid
32
615 371 278 74 273 49 221 55 51 193 344 168 366 180 453 432 249 215 128 79 32 99 28 57 26 592 262 108 110 223 100 368 
splineid
32
0 3
0 29 36 
1 3
0 1 15 
2 3
2 21 28 
3 3
1 2 3 
4 3
4 20 44 
5 3
3 4 5 
6 3
6 9 43 
7 3
5 6 7 
8 3
7 8 10 
9 3
8 9 22 
10 3
10 11 12 
11 3
11 13 23 
12 3
12 14 17 
13 3
13 14 38 
14 3
15 16 18 
15 3
16 17 19 
16 3
18 26 37 
17 3
19 25 39 
18 3
20 21 32 
19 3
22 23 24 
20 3
24 42 46 
21 3
25 26 27 
22 3
27 34 41 
23 3
28 29 30 
24 3
30 31 33 
25 3
31 32 47 
26 3
33 34 35 
27 3
35 36 37 
28 3
38 39 40 
29 3
40 41 42 
30 3
43 44 45 
31 3
45 46 47 
