CircularSet
21
0 0 0 0 0 0 0 0 0 0 0 0 0 0 0 0 0 0 0 0 0 
ParaSet
21
0.25 0.05 0.5 0.05 0.5 0.25 0.25 0.25 0.15 0.05 0.5 0.25 0.25 0.5 0.05 0.5 0.05 0.5 0.05 0.25 0.25 
SeqSet
21
0 94
240 119 239 119 238 119 238 120 237 120 236 120 236 121 236 122 236 123 236 124 236 125 235 125 234 125 234 126 234 127 234 128 234 129 234 130 234 131 234 132 234 133 235 133 235 134 235 135 234 135 234 136 234 137 234 138 233 138 233 139 233 140 233 141 233 142 233 143 233 144 233 145 233 146 233 147 233 148 233 149 233 150 233 151 233 152 233 153 233 154 233 155 233 156 233 157 233 158 233 159 233 160 233 161 233 162 233 163 232 163 233 163 233 164 233 165 233 166 233 167 233 168 233 169 233 170 233 171 232 171 232 172 232 173 232 174 232 175 233 175 234 175 234 176 234 177 233 177 233 178 233 179 232 179 232 180 232 181 232 182 232 183 232 184 232 185 232 186 232 187 233 187 233 188 233 189 233 190 233 191 233 192 233 193 232 193 232 194 
1 362
232 194 231 194 230 194 230 195 230 196 229 196 229 197 229 198 229 199 229 200 229 201 229 202 229 203 229 204 229 205 229 206 229 207 229 208 229 209 228 209 228 210 228 211 228 212 228 213 228 214 228 215 228 216 228 217 228 218 228 219 229 219 230 219 229 219 228 219 227 219 227 220 227 221 227 222 227 223 227 224 227 225 226 225 226 226 226 227 226 228 226 229 226 230 226 231 226 232 226 233 226 234 226 235 226 236 225 236 225 237 225 238 225 239 225 240 225 241 225 242 226 242 226 243 226 244 226 245 227 245 227 246 227 247 227 248 226 248 225 248 224 248 225 248 225 249 225 250 226 250 226 251 226 252 226 253 226 254 225 254 224 254 224 255 224 256 224 257 224 258 223 258 222 258 221 258 220 258 220 259 221 259 222 259 222 260 222 261 222 262 222 263 221 263 220 263 219 263 219 264 219 265 219 266 218 266 218 267 218 268 218 269 218 270 218 271 218 272 219 272 220 272 221 272 222 272 222 273 222 274 222 275 222 276 222 277 222 278 222 279 222 280 222 281 221 281 220 281 219 281 219 282 218 282 217 282 217 283 217 284 217 285 217 286 217 287 217 288 217 289 217 290 216 290 216 291 216 292 216 293 216 294 216 295 216 296 217 296 217 297 218 297 218 298 218 299 219 299 219 300 220 300 221 300 221 299 222 299 223 299 224 299 224 300 225 300 226 300 226 299 227 299 228 299 228 298 228 297 229 297 230 297 231 297 232 297 233 297 233 296 234 296 235 296 236 296 237 296 238 296 238 297 238 298 238 299 238 300 239 300 240 300 241 300 242 300 243 300 244 300 245 300 246 300 247 300 248 300 249 300 249 299 250 299 251 299 252 299 253 299 254 299 254 298 255 298 255 297 256 297 256 296 257 296 258 296 259 296 260 296 260 295 261 295 261 294 261 293 261 292 260 292 260 291 260 290 261 290 261 289 261 288 260 288 260 287 260 286 259 286 258 286 258 285 258 284 258 283 257 283 257 282 257 281 256 281 256 280 256 279 255 279 255 278 254 278 254 277 253 277 252 277 252 276 252 275 252 274 252 273 252 272 252 271 252 270 252 269 252 268 252 267 252 266 252 265 252 264 252 263 252 262 252 261 252 260 253 260 253 259 253 258 252 258 252 257 252 256 252 255 252 254 253 254 254 254 254 253 255 253 255 252 255 251 255 250 255 249 256 249 256 248 256 247 256 246 256 245 256 244 256 243 257 243 257 242 257 241 257 240 257 239 258 239 258 238 258 237 258 236 258 235 258 234 259 234 259 233 259 232 260 232 260 231 260 230 260 229 260 228 261 228 261 227 261 226 262 226 262 225 262 224 262 223 263 223 263 222 263 221 264 221 264 220 264 219 265 219 265 218 265 217 266 217 266 216 266 215 267 215 267 214 267 213 268 213 268 212 268 211 268 210 269 210 269 209 269 208 269 207 270 207 270 206 270 205 270 204 271 204 271 203 272 203 272 202 272 201 272 200 273 200 273 199 273 198 273 197 273 196 273 195 274 195 274 194 274 193 275 193 275 192 275 191 275 190 275 189 276 189 276 188 276 187 276 186 276 185 277 185 277 184 277 183 277 182 277 181 278 181 278 180 278 179 
2 21
278 179 278 178 278 177 278 176 279 176 279 175 279 174 279 173 279 172 280 172 280 171 280 170 280 169 281 169 281 168 281 167 281 166 281 165 282 165 282 164 282 163 
3 320
341 195 342 195 342 196 342 197 342 198 343 198 343 199 343 200 343 201 342 201 341 201 340 201 339 201 338 201 337 201 336 201 335 201 334 201 334 202 333 202 333 203 332 203 332 204 331 204 330 204 330 205 330 206 329 206 329 207 329 208 329 209 329 210 329 211 329 212 329 213 328 213 328 214 328 215 328 216 328 217 328 218 328 219 328 220 329 220 329 221 329 222 329 223 330 223 330 224 330 225 331 225 331 226 331 227 332 227 333 227 334 227 334 227 333 227 333 228 333 229 333 230 333 231 333 232 333 233 334 233 334 234 335 234 335 235 335 236 336 236 336 237 336 238 336 239 337 239 337 240 338 240 338 241 338 242 339 242 339 243 340 243 340 244 340 245 340 246 341 246 341 247 341 248 342 248 342 249 342 250 342 251 342 252 342 253 342 254 342 255 342 256 342 257 342 258 341 258 341 259 341 260 341 261 341 262 341 263 341 264 341 265 341 266 341 267 341 268 340 268 340 269 340 270 340 271 340 272 340 273 340 274 339 274 339 275 339 276 339 277 338 277 338 278 337 278 337 279 336 279 335 279 334 279 333 279 332 279 331 279 330 279 329 279 329 280 328 280 327 280 326 280 325 280 324 280 323 280 322 280 321 280 320 280 319 280 318 280 317 280 316 280 316 281 315 281 314 281 314 280 313 280 312 280 311 280 310 280 309 280 309 279 309 278 308 278 307 278 307 279 306 279 305 279 305 280 304 280 303 280 302 280 301 280 300 280 299 280 298 280 297 280 297 279 296 279 295 279 294 279 294 278 293 278 293 277 293 276 293 275 293 274 292 274 292 273 291 273 291 272 291 271 291 270 291 269 291 268 291 267 291 266 291 265 292 265 292 264 293 264 293 263 293 262 294 262 294 261 294 260 295 260 295 259 296 259 296 258 297 258 297 257 298 257 298 256 299 256 299 255 300 255 301 255 302 255 302 254 302 253 303 253 303 252 304 252 304 251 304 250 305 250 305 249 305 248 305 247 306 247 306 246 306 245 306 244 306 243 305 243 305 242 305 241 305 240 304 240 304 239 304 238 304 237 304 236 304 235 303 235 303 234 303 233 302 233 302 232 302 231 302 230 301 230 301 229 301 228 301 227 300 227 300 226 300 225 299 225 299 224 299 223 299 222 298 222 298 221 298 220 298 219 298 218 297 218 297 217 297 216 296 216 296 215 296 214 295 214 295 213 295 212 294 212 294 211 294 210 293 210 293 209 293 208 292 208 292 207 291 207 291 206 290 206 290 205 289 205 289 204 289 203 288 203 288 202 288 201 288 200 287 200 287 199 287 198 286 198 286 197 286 196 285 196 285 195 284 195 284 194 284 193 284 192 283 192 283 191 283 190 283 189 283 188 283 187 283 186 283 185 283 184 283 183 283 182 283 181 282 181 282 180 282 179 281 179 280 179 278 179 
4 39
282 163 283 164 284 164 284 165 285 165 286 165 286 164 287 164 287 165 288 165 289 165 289 166 290 166 291 166 291 167 291 168 291 169 291 170 292 170 292 171 293 171 293 172 294 172 295 172 296 172 297 172 298 172 298 173 299 173 299 174 299 175 300 175 301 175 301 176 301 177 302 177 302 178 303 178 303 179 
5 61
303 179 303 180 303 181 303 182 304 182 304 183 305 183 305 184 305 185 304 185 304 186 303 186 302 186 303 186 304 186 305 186 306 186 307 186 308 186 308 187 309 187 310 187 311 187 312 187 313 187 313 188 314 188 315 188 316 188 317 188 318 188 319 188 320 188 321 188 322 188 323 188 324 188 325 188 326 188 327 188 328 188 329 188 329 189 330 189 330 190 331 190 332 190 333 190 334 190 335 190 336 190 337 190 338 190 338 191 339 191 339 192 339 193 339 194 340 194 340 195 341 195 
6 73
282 163 282 162 282 161 282 160 283 160 283 159 283 158 283 157 283 156 283 155 283 154 284 154 284 153 284 152 285 152 285 151 286 151 286 150 287 150 288 150 288 149 288 148 288 147 289 147 289 146 289 145 289 144 290 144 290 143 290 142 290 141 291 141 292 141 292 140 292 139 293 139 294 139 294 138 294 137 294 136 295 136 295 135 295 134 295 133 295 132 295 131 295 130 296 130 296 129 296 128 296 127 296 126 296 125 295 125 295 124 295 123 294 123 294 122 293 122 293 121 293 120 293 119 292 119 292 118 292 117 291 117 291 116 291 115 290 115 289 115 289 114 288 114 288 110 
7 63
288 110 288 111 289 111 288 111 287 111 287 112 288 112 288 113 288 112 287 112 286 112 285 112 284 112 284 113 283 113 282 113 281 113 280 113 279 113 278 113 278 114 277 114 276 114 275 114 274 114 273 114 272 114 271 114 270 114 269 114 268 114 267 114 266 114 265 114 264 114 263 114 262 114 261 114 260 114 260 115 259 115 258 115 257 115 257 116 256 116 255 116 254 116 253 116 253 117 252 117 251 117 250 117 249 117 248 117 248 118 247 118 246 118 245 118 245 119 244 119 243 119 242 119 241 119 
8 180
303 179 305 179 306 179 307 179 308 179 309 179 310 179 311 179 312 179 313 179 314 179 315 179 316 179 317 179 318 179 319 179 320 179 321 179 322 179 323 179 324 179 325 179 325 178 325 177 325 176 325 175 326 175 326 174 326 173 325 173 324 173 325 173 326 173 327 173 327 174 328 174 329 174 329 175 330 175 331 175 331 174 332 174 332 173 333 173 334 173 335 173 336 173 336 172 337 172 338 172 339 172 339 171 340 171 341 171 342 171 343 171 343 172 344 172 345 172 346 172 346 171 346 170 347 170 348 170 348 169 349 169 350 169 350 168 351 168 351 167 351 166 351 165 351 164 352 164 352 163 352 162 352 161 352 160 352 159 353 159 353 158 353 157 354 157 354 156 354 155 354 154 353 154 353 153 353 152 353 151 353 150 353 149 352 149 352 148 352 147 352 146 353 146 353 145 354 145 354 144 354 143 354 142 354 141 355 141 355 140 356 140 357 140 358 140 359 140 359 139 359 138 360 138 360 137 361 137 361 136 362 136 362 135 363 135 363 134 364 134 364 133 365 133 366 133 366 132 367 132 367 131 367 130 367 129 367 128 367 127 368 127 368 126 369 126 369 125 370 125 371 125 371 124 372 124 372 123 373 123 374 123 374 124 375 124 376 124 376 123 377 123 377 122 378 122 379 122 379 121 380 121 380 120 381 120 382 120 383 120 384 120 385 120 385 119 385 118 386 118 386 117 386 118 387 118 387 119 388 119 389 119 390 119 391 119 391 118 391 117 392 117 393 117 393 118 393 119 394 119 395 119 396 119 395 119 395 120 395 121 
9 325
232 194 231 194 230 194 230 195 230 196 229 196 229 197 228 197 227 197 227 198 226 198 225 198 224 198 224 199 223 199 222 199 221 199 220 199 219 199 218 199 217 199 216 199 216 200 215 200 214 200 213 200 212 200 211 200 210 200 210 199 209 199 208 199 208 200 207 200 206 200 205 200 204 200 204 201 203 201 202 201 202 202 202 203 202 204 203 204 203 205 203 206 203 207 203 208 203 209 204 209 205 209 206 209 207 209 208 209 209 209 210 209 210 210 211 210 212 210 213 210 214 210 214 211 215 211 215 212 216 212 217 212 218 212 218 213 218 214 219 214 219 215 219 216 220 216 220 217 220 218 221 218 221 219 221 220 221 221 221 222 221 223 221 224 220 224 220 225 220 226 220 227 220 228 219 228 219 229 219 230 219 231 218 231 218 232 218 233 218 234 217 234 216 234 215 234 215 235 215 236 214 236 213 236 212 236 212 237 211 237 210 237 210 238 209 238 209 239 208 239 207 239 207 240 207 241 207 242 207 243 207 244 208 244 208 245 207 245 206 245 205 245 204 245 203 245 202 245 201 245 200 245 199 245 198 245 197 245 196 245 196 244 196 243 196 242 195 242 195 241 194 241 194 240 193 240 193 239 192 239 192 238 191 238 190 238 189 238 188 238 188 237 187 237 187 236 186 236 186 235 185 235 185 234 185 233 184 233 184 232 183 232 183 231 182 231 182 230 182 229 181 229 180 229 180 228 179 228 179 227 178 227 178 226 177 226 177 225 176 225 176 224 175 224 175 223 174 223 174 222 174 221 173 221 173 220 172 220 172 219 171 219 171 218 171 217 172 217 172 217 171 217 170 217 170 216 170 215 170 214 170 213 170 212 169 212 169 211 168 211 168 210 168 209 168 208 168 207 168 206 168 205 168 204 169 204 169 203 169 202 169 201 169 200 169 199 169 198 169 197 169 196 170 196 170 195 170 194 170 193 170 192 171 192 171 191 172 191 172 190 172 189 173 189 173 188 173 187 174 187 174 186 175 186 175 185 176 185 176 184 176 183 177 183 177 182 178 182 178 181 179 181 179 180 180 180 180 179 181 179 181 178 182 178 182 177 183 177 183 176 184 176 184 175 185 175 186 175 186 174 187 174 187 173 188 173 188 172 189 172 190 172 190 171 191 171 191 170 192 170 192 169 193 169 193 168 194 168 195 168 195 167 196 167 196 166 197 166 197 165 198 165 198 164 199 164 199 163 200 163 200 162 201 162 201 161 201 160 201 159 202 159 202 158 203 158 204 158 204 157 204 156 205 156 205 155 205 154 205 153 205 152 206 152 206 151 206 150 206 149 206 148 206 147 207 147 207 146 207 145 207 144 207 143 207 142 207 141 207 140 207 139 207 138 207 137 207 136 207 135 207 134 207 133 207 132 206 132 206 131 206 130 206 129 206 128 206 127 206 126 205 126 205 125 205 124 205 123 205 122 
10 46
205 122 205 121 205 120 206 120 207 120 207 121 208 121 209 121 209 122 210 122 211 122 212 122 213 122 213 123 214 123 215 123 216 123 217 123 218 123 219 123 220 123 221 123 222 123 223 123 223 122 224 122 225 122 226 122 227 122 228 122 228 121 229 121 230 121 231 121 232 121 232 120 233 120 234 120 235 120 236 120 237 120 238 120 239 120 240 120 241 120 240 119 
11 160
395 121 394 119 393 119 393 118 393 117 393 116 393 115 393 114 393 113 392 113 392 112 392 111 392 110 392 109 391 109 391 108 391 107 391 106 390 106 390 105 389 105 388 105 388 104 388 103 388 102 388 101 388 100 388 99 387 99 387 98 387 97 386 97 386 96 385 96 385 95 384 95 384 94 384 93 384 92 383 92 383 91 383 90 382 90 382 89 382 88 381 88 381 87 381 86 380 86 380 85 379 85 379 84 378 84 378 83 378 82 377 82 377 81 376 81 376 80 376 79 375 79 375 78 374 78 374 77 373 77 373 76 372 76 372 75 371 75 371 74 371 73 370 73 370 72 369 72 368 72 368 71 368 70 368 69 368 69 367 69 366 69 365 69 365 68 364 68 364 67 363 67 363 66 362 66 361 66 361 65 360 65 360 64 359 64 358 64 358 63 357 63 357 62 356 62 355 62 355 61 354 61 353 61 353 60 352 60 352 59 351 59 350 59 349 59 349 58 348 58 347 58 346 58 346 57 345 57 344 57 343 57 342 57 342 56 341 56 340 56 339 56 339 55 338 55 337 55 336 55 335 55 334 55 333 55 333 56 332 56 331 56 330 56 329 56 328 56 327 56 326 56 325 56 324 56 323 56 323 57 322 57 321 57 320 57 319 57 319 58 318 58 317 58 316 58 315 58 314 58 313 58 312 58 311 58 310 58 309 58 309 59 308 59 307 59 306 59 305 59 
12 88
305 59 304 59 303 59 302 59 302 60 302 61 302 62 302 63 302 64 303 64 303 65 304 65 304 66 305 66 305 67 306 67 306 68 307 68 308 68 308 69 309 69 309 70 309 71 310 71 310 72 310 73 310 74 310 75 311 75 311 76 311 77 311 78 311 79 311 80 311 81 311 82 311 83 311 84 310 84 310 85 310 86 310 87 310 88 310 89 309 89 309 90 309 91 308 91 308 92 308 93 308 94 307 94 307 95 307 96 306 96 306 97 305 97 305 98 304 98 304 99 303 99 303 100 302 100 302 101 301 101 301 102 301 103 300 103 299 103 299 104 298 104 297 104 297 105 296 105 296 106 295 106 295 107 294 107 294 108 293 108 292 108 292 109 291 109 291 110 290 110 289 110 289 109 288 110 
13 24
395 121 395 122 395 123 395 124 396 124 396 125 397 125 397 126 397 127 397 128 398 128 398 129 398 130 398 131 399 131 399 132 399 133 399 134 400 134 400 135 400 136 401 136 401 137 401 138 
14 253
394 152 394 151 394 150 395 150 396 150 397 150 397 151 398 151 398 152 399 152 399 153 400 153 400 154 401 154 401 155 401 156 402 156 402 157 403 157 403 158 404 158 404 159 405 159 405 160 405 161 406 161 406 162 407 162 407 163 407 164 408 164 408 165 409 165 409 166 410 166 410 167 410 168 411 168 411 169 412 169 412 170 412 171 413 171 413 172 413 173 414 173 414 174 414 175 414 176 414 177 414 178 413 178 413 179 413 180 413 181 413 182 413 183 413 184 413 185 413 186 413 187 413 188 413 189 413 190 413 191 413 192 413 193 413 194 413 195 412 195 412 196 412 197 411 197 411 198 411 199 410 199 410 200 410 201 409 201 409 202 409 203 408 203 408 204 408 205 407 205 407 206 407 207 407 208 408 208 409 208 409 209 409 208 409 207 410 207 411 207 412 207 412 206 413 206 413 205 413 204 414 204 415 204 416 204 417 204 417 205 417 206 417 207 418 207 419 207 420 207 421 207 421 208 422 208 423 208 424 208 424 209 425 209 425 210 426 210 426 211 426 212 427 212 427 213 428 213 428 214 428 213 429 213 429 212 430 212 431 212 432 212 433 212 433 211 433 210 434 212 434 211 434 210 434 209 434 208 433 208 433 207 432 207 431 207 431 208 431 209 431 208 431 207 431 206 430 206 430 205 429 205 429 204 428 204 428 203 428 202 427 202 427 201 427 200 426 200 426 199 425 199 425 198 424 198 424 197 423 197 423 196 423 195 422 195 422 194 421 194 421 193 421 192 420 192 420 191 419 191 419 190 419 189 418 189 418 188 418 187 418 186 418 185 418 184 418 183 418 182 419 182 419 181 419 180 419 179 420 179 420 178 420 177 421 177 421 176 421 175 421 174 421 173 421 172 420 172 420 171 420 170 420 169 420 168 419 168 419 167 419 166 418 166 418 165 418 164 417 164 417 163 417 162 416 162 416 161 416 160 415 160 415 159 415 158 414 158 414 157 413 157 413 156 413 155 412 155 412 154 412 153 411 153 411 152 410 152 410 151 410 150 409 150 409 149 408 149 408 148 408 147 407 147 407 146 406 146 406 145 406 144 405 144 405 143 404 143 404 142 404 141 403 141 403 140 403 139 402 139 402 138 401 138 401 138 
15 22
401 138 401 139 400 139 399 139 398 139 397 139 397 140 397 141 397 142 397 143 396 143 395 143 395 144 395 145 395 146 395 147 395 148 394 148 394 149 394 150 394 151 394 152 
16 391
394 152 394 153 394 154 394 155 394 156 394 157 394 158 394 159 394 160 394 161 394 162 394 163 394 164 394 165 394 166 394 167 394 168 394 169 394 170 395 170 395 171 395 172 395 173 395 174 395 175 395 176 395 177 396 177 396 178 396 179 396 180 396 181 396 182 396 183 396 184 397 184 397 185 397 186 397 187 397 188 397 189 397 190 397 191 397 192 397 193 398 193 398 194 398 195 399 195 399 196 399 197 399 198 399 199 400 199 400 200 400 201 399 201 399 202 399 203 399 204 399 205 399 206 399 207 399 208 399 209 399 210 399 211 398 211 397 211 397 211 398 211 399 211 400 211 400 212 400 213 401 213 401 214 401 215 402 215 402 216 402 217 402 218 403 218 403 219 404 219 404 220 405 220 405 221 406 221 406 222 406 223 407 223 407 224 408 224 408 225 409 225 409 226 410 226 410 227 410 228 411 228 411 229 412 229 413 229 413 230 413 231 414 231 414 232 415 232 415 233 416 233 416 234 417 234 417 235 418 235 418 236 419 236 419 237 420 237 420 238 421 238 421 239 422 239 422 240 423 240 423 241 424 241 424 242 425 242 425 243 426 243 426 244 427 244 427 245 427 246 428 246 428 247 429 247 429 248 429 249 429 250 430 250 431 250 432 250 432 251 432 252 432 253 432 254 432 255 432 256 433 256 433 257 433 258 433 259 433 260 433 261 434 261 434 262 435 262 435 263 435 264 436 264 436 265 436 266 437 266 437 267 437 268 437 269 437 270 436 270 436 271 435 271 435 272 435 273 435 274 435 275 436 275 436 276 436 277 436 278 436 279 436 280 436 281 435 281 435 282 434 282 433 282 432 282 431 282 430 282 429 282 428 282 428 283 427 283 426 283 426 284 426 285 426 286 425 286 424 286 423 286 423 287 422 287 421 287 421 286 420 286 419 286 418 286 417 286 416 286 415 286 415 287 414 287 413 287 413 288 412 288 411 288 410 288 409 288 408 288 408 289 407 289 406 289 405 289 404 289 403 289 402 289 401 289 400 289 399 289 398 289 397 289 396 289 396 288 396 287 396 286 396 285 396 284 396 283 396 282 396 281 396 280 396 279 396 278 396 277 396 276 396 275 397 275 397 274 397 273 398 273 398 272 398 271 398 270 398 269 398 268 399 268 399 267 399 266 400 266 400 265 400 264 400 263 400 262 400 261 400 260 400 259 399 259 399 258 399 257 399 256 398 256 398 255 397 255 397 254 396 254 396 253 395 253 395 252 394 252 394 251 393 251 393 250 392 250 392 249 391 249 391 248 390 248 390 247 389 247 389 246 389 245 388 245 388 244 387 244 387 243 386 243 386 242 385 242 385 241 385 240 384 240 383 240 383 239 383 238 382 238 382 237 381 237 381 236 380 236 379 236 379 235 378 235 378 234 377 234 377 233 376 233 375 233 375 232 374 232 374 231 373 231 373 230 372 230 371 230 371 229 370 229 369 229 369 228 368 228 368 227 367 227 367 226 366 226 365 226 365 225 364 225 364 224 363 224 362 224 362 223 361 223 360 223 360 222 359 222 359 221 358 221 357 221 357 220 356 220 356 219 355 219 354 219 354 218 353 218 353 217 352 217 352 216 351 216 351 215 351 214 350 214 350 213 350 212 349 212 349 211 349 210 348 210 348 209 348 208 347 208 347 207 347 206 346 206 346 205 346 204 346 203 345 203 345 202 345 201 344 201 343 201 343 200 343 199 343 198 342 198 342 197 342 196 342 195 342 194 341 195 
17 19
206 110 205 110 205 111 204 111 204 112 204 113 203 113 202 113 202 114 201 114 201 115 201 116 201 117 202 117 203 117 203 118 203 119 204 119 205 122 
18 483
269 41 268 39 267 39 266 39 266 38 265 38 264 38 264 37 263 37 262 37 262 36 261 36 261 35 260 35 259 35 259 34 258 34 257 34 257 33 256 33 256 32 255 32 254 32 254 31 253 31 252 31 252 30 251 30 251 29 250 29 249 29 249 28 248 28 247 28 247 27 246 27 245 27 245 26 244 26 243 26 243 25 242 25 242 24 241 24 240 24 240 23 239 23 239 22 238 22 238 21 237 21 236 21 235 21 234 21 233 21 232 21 232 20 231 20 230 20 229 20 228 20 228 19 227 19 226 19 226 18 225 18 224 18 223 18 222 18 221 18 220 18 219 18 218 18 217 18 216 18 215 18 214 18 213 18 212 18 211 18 210 18 209 18 208 18 207 18 206 18 205 18 204 18 203 18 202 18 201 18 200 18 199 18 198 18 197 18 196 18 195 18 194 18 193 18 192 18 192 19 191 19 190 19 189 19 188 19 187 19 187 20 186 20 185 20 184 20 184 21 183 21 182 21 182 22 181 22 180 22 179 22 178 22 178 23 177 23 176 23 176 24 175 24 174 24 173 24 172 24 172 25 171 25 170 25 169 25 168 25 168 26 167 26 166 26 166 27 165 27 164 27 164 28 163 28 162 28 161 28 160 28 160 29 159 29 158 29 158 30 157 30 156 30 156 31 155 31 154 31 154 32 153 32 152 32 151 32 151 31 151 32 150 32 149 32 149 31 148 31 147 31 147 30 146 30 146 29 145 29 144 29 143 29 143 28 142 28 141 28 140 28 140 27 139 27 138 27 138 26 137 26 136 26 135 26 135 25 134 25 133 25 132 25 132 24 131 24 130 24 129 24 128 24 128 23 127 23 126 23 125 23 125 22 124 22 123 22 122 22 121 22 120 22 119 22 118 22 118 23 117 23 116 23 115 23 114 23 113 23 112 23 112 24 111 24 110 24 110 25 109 25 109 26 108 26 107 26 106 26 106 27 105 27 105 28 104 28 103 28 102 28 101 28 101 29 101 30 101 31 100 31 99 31 99 32 98 32 98 33 97 33 97 34 96 34 96 35 95 35 95 36 94 36 93 36 93 37 93 38 92 38 91 38 91 39 90 39 89 39 89 40 88 40 88 41 88 42 88 43 88 44 88 45 88 46 88 47 87 47 86 47 88 48 89 48 89 49 89 50 90 50 91 50 92 50 93 50 94 50 94 51 95 51 95 52 96 52 97 52 98 52 99 52 99 51 100 51 100 50 101 50 101 49 101 48 102 48 102 47 103 47 103 46 104 46 104 45 105 45 105 44 106 44 106 43 107 43 107 42 108 42 109 42 110 42 110 41 111 41 112 41 113 41 114 41 115 41 116 41 117 41 118 41 119 41 120 41 120 42 121 42 122 42 123 42 123 43 124 43 124 44 125 44 126 44 126 45 127 45 127 46 128 46 128 47 129 47 129 48 130 48 130 49 131 49 131 50 132 50 132 51 133 51 133 52 134 52 134 53 135 53 136 53 137 53 137 54 137 55 137 56 137 57 137 58 137 59 138 59 138 60 139 60 139 61 139 62 140 62 140 63 140 64 141 64 141 65 142 65 142 66 142 67 143 67 143 68 144 68 144 69 144 70 144 71 144 72 145 72 145 73 145 74 146 74 146 75 147 75 147 76 148 76 149 76 149 77 150 77 150 78 150 79 151 79 151 80 152 80 152 81 153 81 153 82 154 82 155 82 155 83 156 83 157 83 157 84 158 84 159 84 160 84 160 85 161 85 161 86 162 86 162 87 163 87 164 87 164 88 165 88 166 88 167 88 168 88 169 88 170 88 171 88 172 88 173 88 174 88 175 88 176 88 177 88 178 88 179 88 180 88 180 89 181 89 182 89 183 89 183 90 184 90 185 90 185 91 186 91 187 91 187 92 188 92 188 93 189 93 190 93 190 94 191 94 191 95 191 96 191 97 192 97 191 97 191 98 190 98 190 99 190 100 190 101 189 101 189 102 188 102 188 103 188 104 187 104 187 105 187 106 187 107 187 108 187 109 187 110 188 110 188 111 188 112 188 113 189 113 189 114 189 115 189 116 189 115 190 115 191 115 192 115 192 116 193 116 194 116 195 116 196 116 197 116 197 115 198 115 199 115 200 115 201 115 201 114 202 114 202 113 203 113 204 113 204 112 204 111 205 111 205 110 206 110 
19 56
305 59 304 59 303 59 302 59 301 59 300 59 299 59 298 59 297 59 296 59 295 59 295 58 294 58 293 58 293 57 292 57 292 56 291 56 291 55 290 55 290 54 289 54 289 53 288 53 287 53 287 52 287 51 286 51 286 50 285 50 284 50 284 49 283 49 283 48 282 48 282 47 281 47 280 47 280 46 279 46 279 45 278 45 278 44 277 44 276 44 275 44 275 43 274 43 273 43 273 42 272 42 272 42 272 41 271 41 270 41 269 41 
20 137
269 41 269 42 268 42 267 42 267 43 267 44 267 45 266 45 266 46 266 47 266 48 265 48 264 48 263 48 263 49 263 50 263 51 262 51 261 51 260 51 260 50 259 50 259 49 258 49 257 49 256 49 255 49 254 49 253 49 252 49 251 49 250 49 250 50 249 50 249 51 248 51 247 51 247 52 246 52 245 52 245 53 244 53 243 53 243 54 242 54 241 54 240 54 240 55 239 55 239 56 239 57 239 58 239 59 239 60 238 60 238 61 237 61 236 61 235 61 235 62 235 63 234 63 234 64 233 64 233 65 232 65 232 66 231 66 231 67 231 68 231 69 231 70 231 71 231 72 231 73 231 74 230 74 230 75 229 75 229 76 229 77 229 78 228 78 227 78 226 78 226 79 226 80 226 81 225 81 225 82 224 82 223 82 222 82 221 82 220 82 220 83 220 84 220 85 220 86 220 87 220 88 219 88 219 89 219 90 219 91 218 91 218 92 218 93 217 93 217 94 217 95 216 95 216 96 215 96 215 97 215 98 214 98 214 99 213 99 213 100 212 100 212 101 211 101 211 102 211 103 210 103 210 104 209 104 209 105 209 106 208 106 208 107 208 108 207 108 207 109 206 109 206 110 
CtrlSeqSet
21
0 5
237 121 0 235 135 0 233 156 0 233 175 0 232 195 0 
1 21
232 195 0 229 209 0 227 221 0 225 237 0 225 249 0 221 259 0 218 272 0 218 282 0 217 297 0 228 298 0 240 300 0 255 297 0 260 288 0 253 277 0 252 260 0 256 248 0 259 233 0 264 220 0 269 207 0 274 194 0 278 178 0 
2 3
278 178 0 280 171 0 281 161 0 
3 21
342 195 0 335 201 0 329 211 0 330 224 0 334 233 0 340 243 0 342 257 0 340 271 0 332 279 0 317 280 0 306 279 0 293 278 0 292 265 0 299 256 0 306 247 0 303 234 0 299 222 0 294 211 0 288 201 0 283 190 0 278 178 0 
4 3
281 161 0 292 171 0 298 178 0 
5 5
298 178 0 305 186 0 318 188 0 331 190 0 342 195 0 
6 5
281 161 0 287 150 0 294 139 0 295 124 0 291 110 0 
7 5
291 110 0 282 113 0 268 114 0 255 116 0 237 121 0 
8 8
298 178 0 326 174 0 342 171 0 353 157 0 359 140 0 371 125 0 387 118 0 392 117 0 
9 21
232 195 0 221 199 0 208 200 0 203 209 0 216 212 0 221 223 0 216 234 0 207 241 0 197 245 0 188 238 0 181 229 0 173 221 0 169 212 0 169 198 0 174 187 0 181 178 0 190 171 0 199 164 0 205 154 0 207 140 0 208 122 0 
10 3
208 122 0 223 123 0 237 121 0 
11 5
392 117 0 383 91 0 366 69 0 339 56 0 306 60 0 
12 5
306 60 0 309 71 0 309 89 0 301 103 0 291 110 0 
13 3
392 117 0 398 130 0 401 137 0 
14 22
397 149 0 400 154 0 405 161 0 410 168 0 414 176 0 413 187 0 411 197 0 407 205 0 412 206 0 419 207 0 426 212 0 433 211 0 431 209 0 427 201 0 422 194 0 422 187 0 421 177 0 419 167 0 415 159 0 410 152 0 406 144 0 401 137 0 
15 3
401 137 0 395 143 0 397 149 0 
16 22
397 149 0 395 170 0 397 187 0 399 202 0 401 214 0 409 225 0 418 235 0 427 245 0 433 258 0 435 271 0 429 282 0 416 286 0 400 289 0 397 275 0 400 259 0 391 249 0 383 238 0 372 230 0 360 223 0 350 214 0 344 201 0 342 195 0 
17 2
208 109 0 208 122 0 
18 21
270 40 0 253 31 0 238 22 0 218 18 0 194 18 0 176 24 0 158 30 0 142 28 0 124 22 0 105 27 0 92 38 0 94 50 0 107 43 0 126 44 0 137 57 0 145 73 0 158 84 0 178 88 0 191 97 0 189 115 0 208 109 0 
19 5
306 60 0 293 57 0 286 50 0 278 44 0 270 40 0 
20 5
270 40 0 249 51 0 231 67 0 219 89 0 208 109 0 
IfSplit
14
1 1 1 1 1 1 1 1 1 1 1 1 1 1 
jpt
14
237 121 0 232 195 0 278 178 0 281 161 0 342 195 0 298 178 0 291 110 0 392 117 0 208 122 0 306 60 0 401 137 0 397 149 0 208 109 0 270 40 0 
Seqid
14
63 156 361 20 98 38 72 179 324 159 23 21 191 55 
splineid
14
0 3
0 7 10 
1 3
0 1 9 
2 3
1 2 3 
3 3
2 4 6 
4 3
3 5 16 
5 3
4 5 8 
6 3
6 7 12 
7 3
8 11 13 
8 3
9 10 17 
9 3
11 12 19 
10 3
13 14 15 
11 3
14 15 16 
12 3
17 18 20 
13 3
18 19 20 
