CircularSet
30
0 0 0 0 0 0 0 0 0 0 0 0 0 0 0 0 0 0 0 0 0 0 0 0 0 0 0 0 0 0 
ParaSet
30
0.25 0.5 0.5 0.5 0.5 0.5 0.5 0.5 0.5 0.25 0.5 0.5 0.5 0.5 0.5 0.5 0.5 0.5 0.5 0.5 0.5 0.5 0.5 0.35 0.5 0.5 0.5 0.5 0.35 0.5 
SeqSet
30
0 465
364 102 363 102 363 101 363 100 363 99 363 98 364 98 364 97 364 96 364 95 364 94 363 94 363 93 363 92 363 91 364 91 364 90 364 89 364 88 364 87 364 86 363 86 363 85 362 85 362 84 362 83 362 82 361 82 361 81 360 81 360 80 360 79 360 78 360 77 360 76 360 75 359 75 359 74 358 74 358 73 357 73 357 72 357 71 357 70 356 70 356 69 356 68 355 68 355 67 355 66 354 66 354 65 353 65 353 64 353 63 353 62 353 61 352 61 352 60 352 59 351 59 351 58 350 58 350 57 349 57 349 56 348 56 348 55 348 54 348 53 348 52 347 52 346 52 345 52 345 51 344 51 344 50 344 49 344 48 344 47 344 46 344 45 343 45 342 45 341 45 340 45 340 44 339 44 339 43 339 42 338 42 338 41 337 41 337 40 337 39 337 38 336 38 336 37 335 37 335 36 335 35 334 35 334 34 334 33 333 33 333 32 332 32 332 31 331 31 331 30 330 30 329 30 329 29 328 29 328 28 327 28 327 27 326 27 326 26 326 25 325 25 325 24 324 24 323 24 322 24 322 23 321 23 320 23 319 23 318 23 317 23 317 24 316 24 315 24 315 23 314 23 314 22 313 22 312 22 311 22 311 21 310 21 310 20 309 20 308 20 308 19 307 19 306 19 305 19 305 18 304 18 304 17 303 17 302 17 301 17 300 17 299 17 298 17 297 17 296 17 295 17 295 18 295 19 294 19 293 19 292 19 291 19 290 19 289 19 288 19 287 19 286 19 285 19 285 18 285 17 284 17 284 16 283 16 283 17 282 17 282 18 281 18 280 18 279 18 278 18 277 18 277 19 276 19 275 19 274 19 273 19 272 19 271 19 270 19 269 19 268 19 267 19 266 19 265 19 264 19 263 19 263 20 262 20 262 21 262 22 261 22 261 23 260 23 259 23 258 23 257 23 256 23 256 24 255 24 254 24 253 24 252 24 251 24 250 24 250 23 249 23 248 23 247 23 246 23 246 24 245 24 245 25 244 25 243 25 242 25 241 25 240 25 239 25 238 25 237 25 236 25 236 26 235 26 234 26 233 26 233 27 232 27 232 28 232 29 232 30 231 30 231 31 230 31 229 31 229 32 228 32 227 32 226 32 225 32 224 32 223 32 222 32 222 33 221 33 220 33 219 33 219 34 218 34 217 34 216 34 216 35 215 35 214 35 213 35 213 36 212 36 212 37 211 37 211 38 210 38 209 38 208 38 207 38 206 38 205 38 204 38 204 37 203 37 202 37 201 37 201 36 200 36 199 36 198 36 197 36 196 36 195 36 194 36 193 36 192 36 191 36 190 36 189 36 188 36 187 36 186 36 186 35 185 35 184 35 183 35 182 35 182 36 181 36 180 36 180 37 179 37 179 38 178 38 177 38 176 38 175 38 174 38 174 37 173 37 174 37 174 38 174 39 174 40 173 40 173 41 173 42 173 43 172 43 172 44 171 44 171 45 171 46 171 47 170 47 169 47 169 48 168 48 168 49 168 50 167 50 167 51 167 52 166 52 166 53 165 53 165 54 164 54 164 55 164 56 164 57 163 57 163 58 162 58 162 59 161 59 161 60 160 60 160 61 159 61 159 62 158 62 158 63 157 63 157 64 156 64 156 65 155 65 155 66 154 66 154 67 154 68 153 68 153 69 152 69 152 70 152 71 152 72 152 73 152 74 152 75 152 76 152 77 151 77 151 78 150 78 150 79 150 80 150 81 150 82 150 83 149 83 149 84 149 85 148 85 148 86 148 87 148 88 148 89 148 90 147 90 147 91 147 92 147 93 146 93 146 94 145 94 145 95 145 96 145 97 145 98 144 98 144 99 144 100 143 100 143 101 143 102 143 103 143 104 143 105 143 106 143 107 143 108 143 109 143 110 143 111 143 112 144 112 145 112 146 112 147 112 148 112 149 112 150 112 151 112 150 113 151 113 151 114 151 115 151 116 151 117 150 117 150 118 150 119 150 120 150 121 150 122 150 123 150 124 150 125 150 126 150 127 150 128 150 129 150 130 150 131 149 131 149 132 149 133 149 134 149 135 149 136 148 136 148 137 148 138 148 139 
1 102
148 140 149 138 149 137 149 136 150 136 150 135 151 135 151 134 152 134 153 134 154 134 155 134 156 134 157 134 158 134 158 133 159 133 160 133 161 133 162 133 163 133 164 133 165 133 166 133 167 133 168 133 169 133 170 133 170 132 171 132 171 131 172 131 173 131 174 131 175 131 175 130 176 130 177 130 178 130 179 130 179 129 180 129 180 128 181 128 182 128 183 128 184 128 185 128 186 128 187 128 188 128 189 128 190 128 191 128 191 127 191 126 192 126 192 125 193 125 194 125 195 125 196 125 197 125 198 125 199 125 200 125 201 125 202 125 203 125 204 125 205 125 206 125 207 125 208 125 209 125 209 124 210 124 211 124 212 124 213 124 214 124 215 124 216 124 217 124 218 124 219 124 220 124 221 124 222 124 223 124 224 124 225 124 225 123 225 122 225 121 226 121 227 121 228 121 229 121 230 121 231 121 232 121 
2 44
232 121 233 121 234 121 234 122 235 122 236 122 237 122 238 122 239 122 239 121 240 121 240 120 240 119 240 118 240 117 240 116 241 116 241 115 242 115 242 114 243 114 244 114 245 114 246 114 247 114 248 114 249 114 250 114 251 114 252 114 253 114 254 114 255 114 256 114 257 114 258 114 258 115 259 115 260 115 261 115 261 114 262 114 263 114 264 114 
3 126
264 114 265 114 265 115 266 115 267 115 268 115 269 115 269 114 269 113 270 113 271 113 272 113 273 113 274 113 274 114 275 114 276 114 277 114 277 113 278 113 279 113 280 113 280 112 281 112 282 112 283 112 284 112 285 112 286 112 287 112 288 112 288 111 288 110 289 110 289 109 290 109 290 108 291 108 292 108 293 108 294 108 295 108 296 108 297 108 298 108 299 108 300 108 301 108 302 108 303 108 304 108 305 108 306 108 307 108 308 108 309 108 310 108 311 108 311 107 312 107 312 106 313 106 314 106 314 105 315 105 316 105 317 105 318 105 319 105 319 104 320 104 321 104 322 104 322 103 323 103 324 103 325 103 326 103 327 103 328 103 329 103 330 103 331 103 332 103 333 103 333 102 334 102 335 102 336 102 337 102 338 102 339 102 340 102 341 102 342 102 343 102 344 102 345 102 346 102 347 102 347 101 347 100 348 100 349 100 350 100 351 100 352 100 353 100 354 100 354 101 355 101 355 102 355 103 356 103 356 104 357 104 358 104 359 104 360 104 361 104 362 104 363 104 364 104 364 103 364 102 364 101 
4 89
297 252 297 253 296 253 295 253 295 254 295 255 294 255 294 256 293 256 293 257 292 257 291 257 290 257 290 258 289 258 288 258 287 258 286 258 285 258 284 258 283 258 282 258 281 258 281 259 280 259 280 260 280 261 279 261 278 261 277 261 277 262 276 262 275 262 274 262 274 263 273 263 273 264 272 264 272 265 271 265 271 266 270 266 270 267 269 267 268 267 267 267 266 267 265 267 264 267 263 267 262 267 261 267 260 267 259 267 258 267 258 266 257 266 256 266 255 266 254 266 253 266 252 266 251 266 250 266 249 266 248 266 247 266 246 266 245 266 244 266 243 266 242 266 241 266 240 266 240 265 240 264 240 263 240 262 239 262 238 262 238 261 238 260 238 259 238 258 237 258 237 257 236 257 235 257 234 257 
5 185
218 322 219 322 219 323 220 323 221 323 221 324 222 324 222 325 223 325 223 326 224 326 225 326 225 327 226 327 226 328 227 328 228 328 228 329 229 329 229 330 230 330 230 331 231 331 232 331 232 332 233 332 233 333 234 333 234 334 235 334 236 334 237 334 237 335 238 335 238 336 239 336 239 337 240 337 241 337 242 337 242 338 243 338 243 339 244 339 244 340 245 340 245 341 246 341 247 341 248 341 248 342 249 342 250 342 250 343 250 344 251 344 252 344 252 345 253 345 254 345 255 345 256 345 257 345 258 345 258 346 259 346 260 346 261 346 262 346 263 346 264 346 264 347 265 347 266 347 267 347 267 348 268 348 269 348 270 348 271 348 272 348 273 348 274 348 275 348 276 348 277 348 278 348 279 348 280 348 281 348 282 348 283 348 284 348 285 348 286 348 287 348 288 348 289 348 290 348 291 348 291 347 292 347 293 347 294 347 294 346 294 345 295 345 296 345 297 345 298 345 299 345 300 345 300 344 301 344 301 343 302 343 303 343 303 342 304 342 305 342 306 342 306 341 307 341 307 340 308 340 309 340 310 340 310 339 311 339 311 338 312 338 313 338 314 338 314 337 315 337 315 336 315 335 316 335 317 335 317 334 318 334 318 333 318 332 319 332 319 331 320 331 320 330 321 330 322 330 322 329 323 329 324 329 324 328 324 327 324 326 325 326 325 325 326 325 326 324 327 324 328 324 328 323 329 323 329 322 330 322 330 321 331 321 331 320 332 320 332 319 333 319 333 318 334 318 334 317 334 316 334 315 335 315 335 314 336 314 336 313 337 313 338 313 338 312 338 311 339 311 
6 78
277 196 277 197 278 197 278 198 278 199 279 199 279 200 279 201 279 202 279 203 280 203 281 203 281 204 281 205 281 206 282 206 282 207 283 207 284 207 285 207 285 208 286 208 286 209 287 209 287 210 287 211 287 212 287 212 288 212 288 213 289 213 289 214 289 215 290 215 290 216 290 217 290 218 290 219 290 220 290 221 291 221 292 221 292 222 293 222 293 223 294 223 294 224 294 225 294 226 294 227 294 228 294 229 294 230 295 230 295 231 295 232 295 233 295 234 296 234 296 235 297 235 297 236 297 237 297 238 297 239 297 240 297 241 297 242 297 243 297 244 297 245 297 246 297 247 297 248 297 249 297 250 297 251 297 252 
7 120
375 177 375 178 375 179 375 180 374 180 373 180 372 180 371 180 370 180 369 180 368 180 367 180 366 180 365 180 364 180 363 180 362 180 361 180 360 180 360 181 360 182 360 183 360 184 359 184 359 185 359 186 358 186 357 186 356 186 356 187 356 188 355 188 355 189 354 189 353 189 352 189 351 189 350 189 349 189 348 189 347 189 346 189 345 189 344 189 343 189 342 189 341 189 340 189 340 190 340 191 340 192 339 192 338 192 337 192 336 192 335 192 334 192 333 192 332 192 331 192 331 191 330 191 329 191 328 191 327 191 326 191 325 191 324 191 323 191 322 191 321 191 320 191 319 191 318 191 318 192 317 192 316 192 315 192 314 192 313 192 312 192 312 193 311 193 310 193 309 193 308 193 307 193 306 193 306 192 305 192 304 192 303 192 302 192 301 192 300 192 299 192 298 192 297 192 296 192 295 192 295 193 295 194 295 195 294 195 293 195 292 195 291 195 290 195 289 195 288 195 287 195 286 195 286 196 285 196 284 196 283 196 282 196 281 196 280 196 277 196 
8 175
339 311 339 310 340 310 340 309 341 309 341 308 341 307 342 307 342 306 343 306 343 305 344 305 344 304 345 304 345 303 345 302 346 302 346 301 347 301 347 300 347 299 348 299 348 298 349 298 349 297 350 297 350 296 350 295 351 295 351 294 352 294 352 293 352 292 353 292 353 291 353 290 354 290 354 289 355 289 355 288 355 287 356 287 356 286 356 285 357 285 357 284 358 284 358 283 358 282 359 282 359 281 360 281 360 280 360 279 361 279 361 278 361 277 362 277 362 276 362 275 363 275 363 274 363 273 363 272 364 272 364 271 364 270 365 270 365 269 366 269 366 268 366 267 366 266 367 266 367 265 367 264 367 263 368 263 368 262 368 261 368 260 368 259 369 259 369 258 369 257 370 257 370 256 370 255 371 255 371 254 371 253 371 252 371 251 371 250 372 250 372 249 372 248 372 247 372 246 373 246 373 245 373 244 373 243 373 242 373 241 373 240 373 239 374 239 374 238 374 237 374 236 375 236 376 236 375 236 375 235 375 234 375 233 375 232 375 231 375 230 375 229 375 228 375 227 375 226 375 225 375 224 375 223 375 222 375 221 375 220 375 219 375 218 375 217 375 216 375 215 375 214 375 213 376 213 376 212 376 211 376 210 376 209 376 208 376 207 376 206 376 205 376 204 376 203 376 202 376 201 376 200 376 199 376 198 376 197 376 196 376 195 375 195 375 194 375 193 375 192 375 191 375 190 375 189 375 188 375 187 375 186 375 185 375 184 375 183 375 182 375 181 375 180 375 179 375 178 375 177 
9 67
234 257 235 257 236 257 236 256 236 255 236 254 236 253 236 252 236 251 235 251 235 250 235 249 234 249 235 249 235 248 235 247 236 247 236 246 236 245 236 244 236 243 236 242 236 241 236 240 236 239 235 239 235 238 235 237 235 236 235 235 235 234 235 233 235 232 235 231 235 230 235 229 235 228 235 227 235 226 235 225 235 224 235 223 235 222 235 221 235 220 235 219 235 218 235 217 235 216 235 215 235 214 235 213 235 212 235 211 236 211 236 210 236 209 236 208 236 207 236 206 236 205 236 204 236 203 236 202 236 201 236 200 236 199 
10 115
153 214 153 214 153 213 154 213 155 213 156 213 157 213 158 213 159 213 160 213 161 213 162 213 163 213 164 213 165 213 166 213 167 213 168 213 169 213 170 213 171 213 172 213 173 213 174 213 175 213 176 213 177 213 178 213 179 213 179 212 180 212 181 212 182 212 183 212 184 212 185 212 186 212 187 212 187 213 188 213 188 214 188 215 189 215 190 215 191 215 191 214 191 213 190 213 190 212 190 211 190 210 190 209 191 209 192 209 192 208 193 208 194 208 195 208 196 208 197 208 198 208 199 208 200 208 200 209 200 210 200 210 201 210 202 210 203 210 203 211 204 211 205 211 206 211 207 211 208 211 209 211 210 211 211 211 211 210 212 210 213 210 214 210 215 210 216 210 217 210 218 210 218 209 218 208 218 207 218 206 219 206 219 205 220 205 220 204 221 204 221 203 222 203 223 203 224 203 225 203 225 202 226 202 227 202 228 202 229 202 229 201 230 201 230 200 230 199 231 199 232 199 233 199 234 199 235 199 236 199 
11 174
153 214 153 215 153 216 153 217 154 217 154 218 154 219 154 220 155 220 155 221 155 222 155 223 156 223 156 224 156 225 156 226 157 226 157 227 157 228 157 229 158 229 158 230 158 231 158 232 159 232 159 233 159 234 159 235 159 236 160 236 160 237 160 238 161 238 161 239 161 240 161 241 162 241 162 242 162 243 162 244 163 244 163 245 163 246 163 247 164 247 164 248 164 249 165 249 165 250 165 251 165 252 166 252 166 253 166 254 167 254 167 255 167 256 167 257 168 257 168 258 168 259 169 259 169 260 169 261 170 261 170 262 170 263 170 264 171 264 171 265 171 266 172 266 172 267 172 268 172 269 173 269 173 270 174 270 174 271 174 272 175 272 175 273 175 274 176 274 176 275 176 276 177 276 177 277 177 278 178 278 178 279 178 280 179 280 179 281 180 281 180 282 180 283 181 283 181 284 181 285 182 285 182 286 183 286 183 287 183 288 184 288 184 289 185 289 185 290 185 291 186 291 186 292 187 292 187 293 188 293 188 294 189 294 189 295 189 296 190 296 190 297 191 297 191 298 192 298 192 299 193 299 193 300 194 300 194 301 195 301 195 302 196 302 196 303 197 303 197 304 198 304 198 305 199 305 200 305 200 306 200 307 201 307 201 308 202 308 202 309 203 309 203 310 204 310 204 311 205 311 205 312 206 312 207 312 207 313 208 313 208 314 209 314 209 315 210 315 210 316 211 316 211 317 212 317 213 317 213 318 214 318 214 319 215 319 216 319 216 320 217 320 217 321 218 321 218 322 
12 56
264 114 265 114 265 115 266 115 266 116 266 117 267 117 267 118 267 119 267 120 267 121 267 122 267 123 267 124 266 124 266 125 266 126 265 126 265 127 264 127 264 128 264 129 264 130 264 131 264 132 264 133 264 134 264 135 264 136 264 137 264 138 264 139 264 140 264 141 264 142 264 143 264 144 265 144 266 144 267 144 268 144 269 144 269 145 269 146 270 146 270 147 270 148 271 148 272 148 272 149 272 150 272 151 272 152 272 153 272 154 272 155 
13 53
272 155 272 156 271 156 271 157 271 158 271 159 271 160 270 160 269 160 269 161 269 162 269 163 269 164 269 165 269 166 270 166 270 167 271 167 271 168 271 169 271 170 271 171 271 172 271 173 271 174 271 175 272 175 273 175 274 175 274 176 275 176 275 177 275 178 275 179 275 180 275 181 275 182 275 183 276 183 276 184 276 185 276 186 276 187 276 188 277 188 277 189 277 190 277 191 277 192 277 193 277 194 277 195 277 196 
14 146
372 139 372 139 372 140 372 141 372 142 372 143 372 144 372 145 372 146 371 146 370 146 369 146 368 146 367 146 367 147 366 147 365 147 364 147 363 147 362 147 361 147 360 147 359 147 359 148 358 148 358 149 357 149 356 149 355 149 354 149 354 150 353 150 353 151 353 152 352 152 351 152 350 152 350 151 349 151 349 150 348 150 347 150 347 149 347 148 346 148 345 148 345 147 345 146 344 146 344 145 343 145 343 144 342 144 342 143 342 142 342 141 341 141 341 142 341 143 340 143 340 144 340 145 339 145 338 145 337 145 336 145 335 145 334 145 333 145 332 145 331 145 330 145 329 145 328 145 328 144 327 144 326 144 325 144 324 144 323 144 322 144 321 144 320 144 319 144 318 144 317 144 316 144 316 145 315 145 314 145 313 145 312 145 311 145 311 146 310 146 309 146 308 146 308 147 307 147 307 148 306 148 305 148 304 148 303 148 303 149 302 149 302 150 301 150 300 150 299 150 298 150 298 149 298 148 297 148 296 148 295 148 294 148 293 148 293 149 292 149 292 150 292 151 292 152 291 152 290 152 289 152 288 152 287 152 286 152 285 152 284 152 283 152 282 152 281 152 280 152 279 152 278 152 277 152 276 152 275 152 274 152 273 152 273 153 273 154 273 155 272 155 
15 42
375 177 375 176 375 175 375 174 375 173 375 172 375 171 375 170 375 169 375 168 375 167 375 166 375 165 375 164 375 163 375 162 375 161 375 160 375 159 375 158 375 157 375 156 374 156 374 155 374 154 374 153 374 152 374 151 373 151 372 151 372 150 372 149 372 148 372 147 372 146 372 145 372 144 372 143 372 142 372 141 372 140 372 139 
16 48
372 139 371 139 371 138 371 137 371 136 371 135 371 134 370 134 370 133 369 133 369 132 369 131 369 130 369 129 368 129 368 128 368 127 368 126 368 125 368 124 367 124 367 123 367 122 366 122 366 121 365 121 365 120 365 119 365 118 365 117 366 117 366 116 366 115 366 114 366 113 365 113 365 112 365 111 365 110 365 109 365 108 365 107 364 107 364 106 364 105 364 104 364 103 364 102 
17 48
236 199 236 198 236 197 236 196 236 195 236 194 236 193 236 192 236 191 236 190 236 189 236 188 236 187 236 186 237 186 236 186 236 185 235 185 235 184 235 183 235 182 235 181 235 180 235 179 235 178 235 177 235 176 235 175 235 174 235 173 235 172 235 171 234 171 234 170 234 169 234 168 234 167 234 166 234 165 233 165 233 164 233 163 233 162 233 161 233 160 234 160 234 159 234 158 
18 38
234 158 234 157 234 156 234 155 234 154 234 153 233 153 233 152 233 151 233 150 233 149 233 148 233 147 233 146 233 145 233 144 233 143 233 142 233 141 233 140 233 139 232 139 232 138 232 137 232 136 232 135 232 134 232 133 232 132 232 131 232 130 232 129 232 128 232 127 232 126 232 125 232 124 232 121 
19 132
147 174 150 174 150 173 151 173 152 173 152 172 152 171 153 171 154 171 155 171 156 171 157 171 158 171 159 171 159 170 160 170 161 170 161 169 162 169 162 168 163 168 164 168 165 168 166 168 166 169 166 170 166 171 167 171 168 171 169 171 170 171 171 171 172 171 173 171 174 171 175 171 175 170 175 171 175 172 176 172 177 172 178 172 179 172 180 172 181 172 182 172 183 172 184 172 184 171 185 171 185 170 186 170 187 170 188 170 188 169 189 169 190 169 191 169 191 168 191 167 191 166 191 165 191 164 194 164 193 164 192 164 191 164 191 163 191 162 191 161 191 160 191 159 191 158 191 157 191 156 192 156 193 156 194 156 195 156 196 156 197 156 197 155 198 155 199 155 200 155 200 154 201 154 202 154 203 154 204 154 205 154 206 154 207 154 208 154 208 155 208 156 208 157 208 156 208 155 208 154 209 154 210 154 211 154 212 154 213 154 214 154 215 154 215 155 216 155 216 156 216 157 216 158 216 159 217 159 218 159 219 159 220 159 221 159 222 159 223 159 224 159 225 159 226 159 226 158 227 158 228 158 229 158 230 158 231 158 232 158 233 158 234 158 
20 36
148 140 148 141 148 142 148 143 148 144 148 145 148 146 148 147 148 148 148 149 148 150 148 151 148 152 147 152 147 153 147 154 147 155 147 156 147 157 147 158 147 159 147 160 147 161 147 162 147 163 147 164 147 165 147 166 147 167 147 168 147 169 147 170 147 171 147 172 147 173 147 174 
21 47
147 174 147 175 147 176 147 177 147 178 147 179 147 180 148 180 148 181 148 182 148 183 148 184 148 185 148 186 148 187 148 188 148 189 149 189 149 190 149 191 149 192 149 193 149 194 150 194 150 195 150 196 150 197 150 198 150 199 150 200 150 201 150 202 151 202 151 203 151 204 151 205 151 206 151 207 151 208 151 209 152 209 152 210 152 211 152 212 153 212 153 213 153 214 
22 32
218 322 218 323 219 323 220 323 221 323 222 323 223 323 223 322 224 322 225 322 225 321 225 320 225 319 225 318 225 317 225 316 225 315 225 314 225 313 224 313 224 312 224 311 223 311 223 310 223 309 223 308 223 307 223 306 223 305 223 304 223 303 223 302 
23 164
328 296 328 297 328 298 328 299 328 300 328 301 327 301 327 302 326 302 325 302 324 302 323 302 322 302 322 303 322 304 321 304 320 304 319 304 319 305 319 306 318 306 318 307 317 307 317 308 316 308 316 309 315 309 315 310 314 310 313 310 312 310 311 310 310 310 309 310 308 310 307 310 307 311 306 311 305 311 304 311 303 311 303 312 302 312 302 313 301 313 301 314 298 314 297 314 296 314 296 313 295 313 294 313 293 313 292 313 291 313 290 313 290 314 289 314 288 314 287 314 286 314 285 314 284 314 283 314 282 314 281 314 280 314 279 314 278 314 277 314 276 314 275 314 274 314 273 314 273 315 273 314 272 314 272 313 271 313 270 313 269 313 268 313 268 312 267 312 266 312 265 312 264 312 263 312 262 312 261 312 260 312 259 312 258 312 257 312 256 312 256 313 256 314 256 315 255 315 255 316 254 316 253 316 252 316 251 316 250 316 250 317 250 316 250 315 251 315 251 314 251 313 251 312 251 311 251 310 251 309 251 308 251 307 251 306 251 305 250 305 249 305 248 305 247 305 246 305 245 305 244 305 243 305 242 305 241 305 241 306 241 307 240 307 240 308 239 308 239 309 239 310 239 309 239 308 239 307 239 306 238 306 238 305 237 305 236 305 235 305 234 305 233 305 232 305 231 305 230 305 229 305 229 306 228 306 228 305 228 304 228 303 227 303 226 303 225 303 224 303 224 302 223 302 222 302 223 302 
24 25
339 311 337 310 336 310 336 309 336 308 335 308 334 308 334 307 334 306 333 306 333 305 332 305 332 304 331 304 331 303 330 303 329 303 328 303 328 302 328 301 328 300 328 299 328 298 328 297 328 296 
25 32
223 302 224 302 224 301 224 300 225 300 225 299 226 299 226 298 227 298 227 297 227 297 226 297 226 296 226 295 225 295 225 294 225 293 225 292 225 291 225 290 226 290 227 290 228 290 228 289 229 289 230 289 230 288 230 287 230 286 230 285 230 284 230 283 
26 31
230 283 230 282 230 281 231 281 231 280 231 279 232 279 232 278 232 277 232 276 232 275 232 274 232 273 232 272 232 271 232 270 231 270 231 269 231 268 231 267 231 266 231 265 231 264 231 263 231 262 232 262 232 261 232 260 232 259 233 259 234 257 
27 119
310 278 311 279 311 280 311 281 311 282 311 283 311 284 310 284 310 285 310 286 309 286 308 286 307 286 306 286 305 286 304 286 303 286 302 286 301 286 300 286 300 285 299 285 298 285 297 285 297 284 296 284 296 283 295 283 295 282 295 281 295 280 295 281 295 282 295 283 294 283 293 283 292 283 291 283 290 283 289 283 288 283 287 283 286 283 285 283 284 283 283 283 282 283 281 283 281 284 280 284 280 285 279 285 278 285 277 285 276 285 275 285 274 285 273 285 272 285 271 285 270 285 269 285 268 285 267 285 266 285 266 284 266 283 266 282 266 281 266 280 266 280 266 281 266 282 266 283 266 284 265 284 264 284 264 285 263 285 262 285 261 285 261 286 260 286 259 286 258 286 257 286 256 286 255 286 254 286 253 286 253 285 252 285 251 285 250 285 249 285 248 285 248 284 248 283 247 283 247 282 247 281 246 281 245 281 244 281 243 281 242 281 241 281 240 281 239 281 238 281 238 282 237 282 236 282 235 282 234 282 233 282 232 282 231 282 230 283 
28 40
328 296 328 295 327 295 327 294 326 294 325 294 325 293 324 293 323 293 322 293 322 292 321 292 321 291 321 290 321 289 320 289 320 288 319 288 319 287 319 286 318 286 318 285 318 285 318 286 317 286 316 286 315 286 314 286 313 286 312 286 311 286 311 285 311 284 311 283 311 282 311 281 311 280 311 279 311 278 310 278 
29 43
310 278 310 277 309 277 309 276 308 276 308 275 308 274 308 273 308 272 308 271 308 270 308 269 309 269 309 268 309 267 309 266 309 265 309 264 308 264 307 264 306 264 305 264 305 263 305 262 304 262 303 262 303 261 302 261 301 261 300 261 300 260 299 260 298 260 298 259 298 258 298 257 298 256 298 255 297 255 296 255 296 254 296 253 297 252 
CtrlSeqSet
30
0 5
364 102 0 325 26 0 238 19 0 166 49 0 148 139 0 
1 3
148 140 0 189 128 0 232 121 0 
2 3
232 121 0 245 114 0 264 114 0 
3 3
264 114 0 314 105 0 364 101 0 
4 3
297 252 0 268 267 0 234 257 0 
5 3
223 327 0 279 350 0 335 320 0 
6 3
279 196 0 287 223 0 297 252 0 
7 3
375 177 0 328 191 0 279 196 0 
8 3
335 320 0 370 255 0 375 177 0 
9 5
234 257 0 236 247 0 238 236 0 238 219 0 236 199 0 
10 3
153 214 0 195 208 0 236 199 0 
11 3
153 214 0 177 277 0 223 327 0 
12 3
264 114 0 269 138 0 272 155 0 
13 3
272 155 0 276 175 0 279 196 0 
14 3
372 139 0 328 145 0 272 155 0 
15 3
375 177 0 375 156 0 372 139 0 
16 3
372 139 0 368 121 0 364 102 0 
17 3
236 199 0 235 178 0 234 158 0 
18 3
234 158 0 233 140 0 232 121 0 
19 3
147 174 0 191 164 0 234 158 0 
20 3
148 140 0 147 157 0 147 174 0 
21 3
147 174 0 150 194 0 153 214 0 
22 3
223 327 0 231 318 0 239 310 0 
23 4
312 306 0 297 316 0 258 316 0 239 310 0 
24 3
335 320 0 325 311 0 312 306 0 
25 3
239 310 0 235 295 0 241 290 0 
26 3
241 290 0 235 273 0 234 257 0 
27 3
306 282 0 274 281 0 241 290 0 
28 4
312 306 0 314 299 0 314 289 0 306 282 0 
29 3
306 282 0 304 269 0 297 252 0 
IfSplit
20
1 1 1 1 1 1 1 1 1 1 1 1 1 1 1 1 1 1 1 1 
jpt
20
148 140 0 364 102 0 232 121 0 264 114 0 297 252 0 335 320 0 234 257 0 223 327 0 279 196 0 375 177 0 236 199 0 153 214 0 272 155 0 372 139 0 234 158 0 147 174 0 239 310 0 312 306 0 241 290 0 306 282 0 
Seqid
20
31 731 101 43 184 438 88 254 107 174 66 81 55 41 47 35 31 24 31 39 
splineid
20
0 3
0 1 20 
1 3
0 3 16 
2 3
1 2 18 
3 3
2 3 12 
4 3
4 6 29 
5 3
5 8 24 
6 3
4 9 26 
7 3
5 11 22 
8 3
6 7 13 
9 3
7 8 15 
10 3
9 10 17 
11 3
10 11 21 
12 3
12 13 14 
13 3
14 15 16 
14 3
17 18 19 
15 3
19 20 21 
16 3
22 23 25 
17 3
23 24 28 
18 3
25 26 27 
19 3
27 28 29 
