CircularSet
18
0 0 0 0 0 0 0 0 0 0 0 0 0 0 0 0 0 0 
ParaSet
18
0.05 0.3 0.1 0.15 0.2 0.08 0.08 0.15 0.3 0.15 0.3 0.2 0.1 0.08 0.2 0.2 0.08 0.2 
SeqSet
18
0 223
363 218 364 218 365 218 365 217 366 217 367 217 367 216 368 216 369 216 369 215 370 215 371 215 372 215 372 214 373 214 374 214 374 213 375 213 376 213 376 212 377 212 378 212 378 211 379 211 380 211 380 210 381 210 382 210 382 209 383 209 384 209 384 208 385 208 386 208 386 207 387 207 388 207 388 206 389 206 390 206 390 205 391 205 392 205 392 204 393 204 394 204 394 203 395 203 396 203 396 202 397 202 397 201 398 201 398 200 399 200 400 200 400 199 401 199 401 198 402 198 403 198 403 197 404 197 404 196 405 196 405 195 406 195 407 195 407 194 408 194 408 193 409 193 409 192 410 192 411 192 411 191 412 191 412 190 413 190 413 189 414 189 414 188 415 188 415 187 416 187 417 187 417 186 418 186 418 185 419 185 419 184 420 184 420 183 421 183 421 182 422 182 422 181 423 181 423 180 424 180 424 179 424 178 425 178 425 177 426 177 426 176 427 176 427 175 428 175 428 174 429 174 429 173 429 172 430 172 430 171 431 171 431 170 432 170 432 169 432 168 433 168 433 167 434 167 434 166 434 165 435 165 435 164 435 163 436 163 436 162 436 161 437 161 437 160 437 159 438 159 438 158 438 157 439 157 439 156 439 155 440 155 440 154 440 153 440 152 441 152 441 151 441 150 441 149 442 149 442 148 442 147 442 146 442 145 442 144 443 144 443 143 443 142 443 141 443 140 443 139 443 138 444 138 444 137 444 136 444 135 444 134 444 133 445 133 444 133 444 132 444 131 444 130 444 129 444 128 444 127 444 126 444 125 444 124 444 123 444 122 444 121 444 120 444 119 444 118 443 118 443 117 443 116 443 115 443 114 443 113 442 113 442 112 442 111 442 110 441 110 441 109 441 108 440 108 440 107 439 107 439 106 439 105 438 105 438 104 437 104 436 104 436 103 435 103 435 102 434 102 434 101 433 101 432 101 432 100 431 100 430 100 430 99 429 99 428 99 427 99 427 98 426 98 425 98 
1 109
363 218 363 219 362 219 362 220 362 221 363 221 363 222 363 223 363 224 363 225 363 226 363 227 363 228 363 229 363 230 363 231 363 232 363 233 363 234 363 235 363 236 363 237 363 238 364 238 364 239 364 240 364 241 364 242 364 243 364 244 365 244 365 245 365 246 365 247 365 248 365 249 365 250 365 251 365 252 364 252 364 253 363 253 363 254 362 254 362 255 362 256 363 256 363 257 363 258 362 258 362 259 362 260 362 261 362 262 362 263 362 264 362 265 362 266 362 267 362 268 362 269 362 270 362 271 362 271 362 272 362 273 362 274 362 275 362 276 362 277 362 278 362 279 362 280 362 281 362 282 362 283 362 284 362 285 362 286 362 287 362 288 362 289 362 290 362 291 362 292 362 293 362 294 362 295 362 296 362 297 362 298 362 299 362 300 362 301 362 302 362 303 362 304 362 305 362 306 362 307 362 308 362 309 363 309 364 309 365 309 366 309 367 309 368 309 369 309 
2 304
128 190 129 190 129 191 130 191 130 192 131 192 131 193 132 193 132 194 133 194 133 195 134 195 134 196 135 196 135 197 136 197 136 198 137 198 137 199 138 199 139 199 139 200 140 200 140 201 141 201 141 202 142 202 142 203 143 203 144 203 144 204 145 204 145 205 146 205 147 205 147 206 148 206 148 207 149 207 150 207 150 208 151 208 151 209 152 209 153 209 153 210 154 210 155 210 155 211 156 211 156 212 157 212 158 212 158 213 159 213 160 213 160 214 161 214 162 214 162 215 163 215 163 216 164 216 165 216 165 217 166 217 167 217 167 218 168 218 169 218 169 219 170 219 170 220 171 220 172 220 172 221 173 221 174 221 174 222 175 222 176 222 176 223 177 223 177 224 178 224 179 224 180 224 181 224 182 224 183 224 183 225 184 225 185 225 186 225 186 226 187 226 188 226 189 226 189 227 190 227 191 227 192 227 192 228 193 228 194 228 195 228 196 228 196 229 197 229 198 229 199 229 200 229 200 230 201 230 202 230 203 230 204 230 204 231 205 231 206 231 207 231 208 231 209 231 209 232 210 232 211 232 212 232 213 232 214 232 214 233 215 233 216 233 217 233 218 233 219 233 219 234 220 234 221 234 222 234 223 234 224 234 225 234 226 234 226 235 227 235 228 235 229 235 230 235 231 235 232 235 232 236 233 236 234 236 235 236 236 236 237 236 238 236 238 237 239 237 240 237 241 237 242 237 243 237 244 237 244 238 245 238 246 238 247 238 248 238 249 238 250 238 251 238 252 238 253 238 254 238 255 238 256 238 257 238 258 238 259 238 260 238 261 238 262 238 263 238 264 238 265 238 266 238 267 238 268 238 269 238 270 238 271 238 272 238 273 238 274 238 275 238 276 238 277 238 278 238 279 238 280 238 281 238 282 238 282 237 283 237 284 237 285 237 286 237 287 237 288 237 289 237 290 237 291 237 292 237 293 237 294 237 295 237 296 237 296 236 297 236 298 236 299 236 300 236 301 236 302 236 303 236 304 236 304 235 305 235 306 235 307 235 308 235 309 235 310 235 311 235 311 234 312 234 313 234 314 234 315 234 316 234 317 234 318 234 318 233 319 233 320 233 321 233 322 233 323 233 323 232 324 232 325 232 326 232 327 232 327 231 328 231 329 231 330 231 330 230 331 230 332 230 333 230 334 230 334 229 335 229 336 229 337 229 337 228 338 228 339 228 340 228 340 227 341 227 342 227 343 227 343 226 344 226 345 226 346 226 346 225 347 225 348 225 348 224 349 224 350 224 351 224 351 223 352 223 353 223 354 223 354 222 355 222 356 222 356 221 357 221 358 221 358 220 359 220 360 220 361 220 361 219 362 219 363 219 363 218 
3 171
87 71 88 71 89 71 87 70 87 71 87 72 87 73 87 74 87 75 88 75 88 76 88 77 88 78 88 79 89 79 89 80 90 80 90 81 91 81 91 82 92 82 92 83 93 83 93 84 94 84 94 85 95 85 95 86 95 87 96 87 96 88 97 88 97 89 97 90 98 90 98 91 98 92 99 92 99 93 100 93 100 94 100 95 100 96 101 96 101 97 101 98 101 99 102 99 102 100 102 101 103 101 103 102 103 103 104 103 104 104 104 105 104 106 105 106 105 107 105 108 105 109 106 109 106 110 106 111 106 112 106 113 106 114 107 114 107 115 107 116 107 117 107 118 107 119 107 120 107 121 107 122 107 123 107 124 106 124 106 125 106 126 106 127 106 128 106 129 106 130 107 130 107 131 107 132 107 133 107 134 107 135 107 136 107 137 107 138 107 139 107 140 108 140 108 141 108 142 108 143 108 144 108 145 108 146 108 147 108 148 108 149 108 150 107 150 106 150 106 151 106 152 106 153 106 154 106 155 106 156 107 156 107 157 107 158 107 159 108 159 108 160 108 161 109 161 109 162 109 163 110 163 110 164 110 165 111 165 111 166 112 166 112 167 112 168 113 168 113 169 113 170 114 170 114 171 114 172 115 172 115 173 116 173 116 174 116 175 117 175 117 176 118 176 118 177 118 178 119 178 119 179 120 179 120 180 120 181 121 181 121 182 122 182 122 183 123 183 123 184 123 185 124 185 124 186 125 186 125 187 126 187 126 188 127 188 127 189 128 189 128 190 
4 131
128 190 128 193 128 194 128 195 128 196 128 197 127 197 127 198 127 199 127 200 127 201 127 202 127 203 127 204 127 205 127 206 127 207 127 208 126 208 125 208 124 208 124 209 124 210 124 211 124 212 124 213 124 214 124 215 124 216 124 217 124 218 124 219 124 220 124 221 124 222 124 223 124 224 124 225 124 226 124 227 124 228 124 229 123 229 123 230 123 231 123 232 123 233 123 234 123 235 123 236 123 237 123 238 123 239 123 240 123 241 123 242 123 243 123 244 123 245 123 246 123 247 123 248 123 249 123 250 123 251 123 252 123 253 123 254 123 255 123 256 123 257 123 258 123 259 122 259 122 260 122 261 122 262 122 263 122 264 122 265 122 266 122 267 122 268 122 269 122 270 122 271 122 272 122 273 121 273 121 274 121 275 120 275 120 276 120 277 120 278 120 279 120 280 120 281 120 282 120 283 120 284 120 285 120 286 120 287 120 288 120 289 120 290 120 291 120 292 120 293 119 293 119 294 119 295 118 295 118 296 118 297 117 297 117 298 117 299 117 300 117 301 117 302 117 303 117 304 116 304 116 305 116 306 116 307 116 308 115 308 114 308 
5 261
114 308 113 308 113 308 114 308 115 308 116 308 117 308 118 308 119 308 120 308 121 308 122 308 123 308 124 308 125 308 126 308 127 308 128 308 129 308 130 308 131 308 132 308 133 308 134 308 135 308 136 308 137 308 138 308 139 308 139 309 140 309 141 309 142 309 143 309 144 309 145 309 146 309 147 309 148 309 149 309 150 309 151 309 152 309 153 309 154 309 155 309 156 309 157 309 158 309 159 309 160 309 161 309 162 309 163 309 164 309 165 309 166 309 167 309 168 309 169 309 170 309 171 309 172 309 173 309 174 309 175 309 176 309 177 309 178 309 179 309 180 309 181 309 182 309 183 309 184 309 185 309 186 309 187 309 188 309 189 309 190 309 191 309 192 309 193 309 194 309 195 309 196 309 197 309 198 309 199 309 200 309 201 309 202 309 203 309 204 309 205 309 206 309 207 309 208 309 209 309 210 309 211 309 212 309 213 309 214 309 215 309 215 308 216 308 217 308 218 308 219 308 220 308 221 308 222 308 223 308 224 308 225 308 226 308 227 308 228 308 229 308 230 308 231 308 232 308 233 308 234 308 235 308 236 308 237 308 238 308 239 308 240 308 241 308 242 308 243 308 244 308 245 308 246 308 247 308 248 308 249 308 250 308 251 308 252 308 253 308 254 308 255 308 256 308 257 308 258 308 259 308 260 308 261 308 262 308 263 308 264 308 265 308 266 308 267 308 268 308 269 308 270 308 271 308 272 308 273 308 274 308 275 308 276 308 277 308 278 308 279 308 280 308 281 308 282 308 283 308 284 308 285 308 286 308 287 308 288 308 289 308 290 308 291 308 292 308 293 308 294 308 295 308 296 308 297 308 298 308 299 308 300 308 301 308 302 308 303 308 304 308 305 308 306 308 307 308 308 308 309 308 310 308 311 308 312 308 313 308 314 308 315 308 316 308 317 308 318 308 319 308 320 308 321 308 322 308 323 308 324 308 325 308 325 307 326 307 327 307 328 307 329 307 330 307 331 307 332 307 333 307 334 307 335 307 336 307 337 307 338 307 339 307 340 307 341 307 342 307 343 307 344 307 345 307 346 307 347 307 348 307 349 307 350 307 351 307 352 307 353 307 354 307 355 307 356 307 357 307 358 307 359 307 360 307 361 307 362 307 363 307 364 307 365 307 366 307 367 307 369 309 
6 356
114 308 113 309 112 309 111 309 110 309 109 309 108 309 107 309 106 309 105 309 105 308 104 308 103 308 102 308 101 308 100 308 99 308 98 308 97 308 96 308 95 308 94 308 93 308 92 308 91 308 90 308 89 308 88 308 87 308 86 308 85 308 84 308 83 308 82 308 81 308 80 308 79 308 78 308 77 308 76 308 75 308 74 308 73 308 72 308 71 308 70 308 69 308 68 308 67 308 66 308 65 308 64 308 63 308 62 308 61 308 60 308 59 308 58 308 57 308 56 308 55 308 54 308 53 308 52 308 51 308 50 308 49 308 48 308 47 308 46 308 45 308 44 308 43 308 42 308 41 308 40 308 39 308 38 308 37 308 36 308 35 308 34 308 33 308 32 308 31 308 30 308 29 308 28 308 27 308 26 308 25 308 24 308 23 308 22 308 21 308 20 308 19 308 18 308 17 308 16 308 15 308 14 308 13 308 12 308 11 308 10 308 9 308 8 308 7 308 6 308 5 308 4 308 3 308 2 308 2 307 2 306 2 305 2 304 2 303 2 302 2 301 2 300 2 299 2 298 2 297 2 296 2 295 2 294 2 293 2 292 2 291 2 290 2 289 2 288 2 287 2 286 2 285 2 284 2 283 2 282 2 281 2 280 2 279 2 278 2 277 2 276 2 275 2 274 2 273 2 272 2 271 2 270 2 269 2 268 2 267 2 266 2 265 2 264 2 263 2 262 2 261 2 260 2 259 2 258 2 257 2 256 2 255 2 254 2 253 2 252 2 251 2 250 2 249 2 248 2 247 2 246 2 245 2 244 2 243 2 242 2 241 2 240 2 239 2 238 2 237 2 236 2 235 2 234 2 233 2 232 2 231 2 230 2 229 2 228 2 227 2 226 2 225 2 224 2 223 2 222 2 221 2 220 2 219 2 218 2 217 2 216 2 215 2 214 2 213 2 212 2 211 2 210 2 209 2 208 2 207 2 206 2 205 2 204 2 203 2 202 2 201 2 200 2 199 2 198 2 197 2 196 2 195 2 194 2 193 2 192 2 191 2 190 2 189 2 188 2 187 2 186 2 185 2 184 2 183 2 182 2 181 2 180 2 179 2 178 2 177 2 176 2 175 2 174 2 173 2 172 2 171 2 170 2 169 2 168 2 167 2 166 2 165 2 164 2 163 2 162 2 161 2 160 2 159 2 158 2 157 2 156 2 155 2 154 2 153 2 152 2 151 2 150 2 149 2 148 2 147 2 146 2 145 2 144 2 143 2 142 2 141 2 140 2 139 2 138 2 137 2 136 2 135 2 134 2 133 2 132 2 131 2 130 2 129 2 128 2 127 2 126 2 125 2 124 2 123 2 122 2 121 2 120 2 119 2 118 2 117 2 116 2 115 2 114 2 113 2 112 2 111 2 110 2 109 2 108 2 107 2 106 2 105 2 104 2 103 2 102 2 101 2 100 2 99 2 98 2 97 2 96 2 95 2 94 2 93 2 92 2 91 2 90 2 89 2 88 2 87 2 86 2 85 2 84 2 83 2 82 2 81 2 80 2 79 2 78 2 77 2 76 2 75 2 74 2 73 2 72 1 72 2 72 2 72 1 72 2 72 3 72 
7 84
3 72 3 71 4 71 5 71 6 71 7 71 8 71 9 71 10 71 11 71 12 71 13 71 14 71 15 71 16 71 17 71 18 71 19 71 20 71 21 71 22 71 23 71 24 71 25 71 26 71 27 71 28 71 29 71 30 71 31 71 32 71 33 71 34 71 35 71 36 71 37 71 38 71 39 71 40 71 41 71 42 71 43 71 44 71 45 71 46 71 47 71 48 71 49 71 50 71 51 71 52 71 53 71 54 71 55 71 56 71 57 71 58 71 59 71 60 71 61 71 62 71 63 71 64 71 65 71 66 71 67 71 68 71 69 71 70 71 71 71 72 71 73 71 74 71 75 71 76 71 77 71 78 71 79 71 80 71 81 71 82 71 83 71 84 71 87 71 
8 52
117 68 117 67 117 66 116 66 116 65 115 65 115 64 115 63 115 62 115 61 114 61 113 61 112 61 111 61 110 61 109 61 108 61 107 61 107 60 106 60 105 60 104 60 103 60 102 60 102 61 101 61 100 61 100 62 99 62 98 62 97 62 97 63 96 63 95 63 94 63 94 64 93 64 93 65 92 65 91 65 90 65 90 66 89 66 88 66 88 67 87 67 87 68 86 68 86 69 86 70 86 71 87 71 
9 277
3 72 3 71 3 70 3 69 3 68 3 67 3 66 3 65 3 64 3 63 3 62 3 61 3 60 3 59 3 58 3 57 3 56 3 55 3 54 3 53 3 52 3 51 3 50 3 49 3 48 3 47 3 46 3 45 3 44 3 43 3 42 3 41 3 40 3 39 3 38 3 37 3 36 3 35 3 34 3 33 3 32 3 31 3 30 3 29 3 28 3 27 3 26 3 25 3 24 3 23 3 22 3 21 3 20 3 19 3 18 3 17 3 16 3 15 3 14 3 13 3 12 3 11 3 10 3 9 3 8 4 8 4 7 4 6 4 5 4 4 4 3 5 3 6 3 7 3 8 3 9 3 10 3 11 3 12 3 13 3 14 3 15 3 16 3 17 3 18 3 19 3 20 3 21 3 22 3 23 3 24 3 25 3 26 3 27 3 28 3 29 3 30 3 31 3 32 3 33 3 34 3 35 3 36 3 37 3 38 3 39 3 40 3 41 3 42 3 43 3 44 3 45 3 46 3 47 3 48 3 49 3 50 3 51 3 52 3 53 3 54 3 55 3 56 3 57 3 58 3 59 3 60 3 61 3 62 3 63 3 64 3 65 3 66 3 67 3 68 3 69 3 70 3 71 3 72 3 73 3 74 3 75 3 76 3 77 3 78 3 79 3 80 3 81 3 82 3 83 3 84 3 85 3 86 3 87 3 88 3 89 3 90 3 91 3 92 3 93 3 94 3 95 3 96 3 97 3 98 3 99 3 100 3 101 3 102 3 103 3 104 3 105 3 106 3 107 3 108 3 109 3 110 3 111 3 112 3 113 3 114 3 115 3 116 3 117 3 118 3 119 3 120 3 121 3 122 3 123 3 124 3 125 3 126 3 127 3 128 3 129 3 130 3 131 3 132 3 133 3 134 3 135 3 136 3 137 3 138 3 139 3 140 3 141 3 142 3 143 3 144 3 145 3 146 3 147 3 148 3 149 3 150 3 151 3 152 3 153 3 154 3 155 3 156 3 157 3 158 3 159 3 160 3 161 3 162 3 163 3 164 3 165 3 166 3 167 3 168 3 169 3 170 3 171 3 172 3 173 3 174 3 175 3 176 3 177 3 178 3 179 3 180 3 181 3 182 3 183 3 184 3 185 3 186 3 187 3 188 3 189 3 190 3 191 3 192 3 193 3 194 3 195 3 196 3 197 3 198 3 199 3 200 3 201 3 202 3 203 3 204 3 205 3 206 3 207 3 208 3 208 4 207 4 
10 151
207 4 206 4 206 5 206 6 206 7 205 7 204 7 203 7 203 8 202 8 202 9 202 10 201 10 200 10 200 11 200 12 200 13 200 14 200 15 200 16 200 17 200 18 200 19 200 20 200 21 200 22 200 23 200 24 200 25 200 26 200 27 199 27 199 28 198 28 197 28 197 29 197 30 197 31 196 31 196 32 195 32 195 33 195 34 195 35 195 36 195 37 195 38 195 39 194 39 193 39 192 39 191 39 191 40 191 41 190 41 189 41 188 41 187 41 186 41 185 41 184 41 183 41 183 42 182 42 182 43 182 44 182 45 182 46 182 47 182 48 181 48 180 48 179 48 178 48 177 48 176 48 176 49 176 50 176 51 176 52 175 52 174 52 174 53 174 54 174 55 173 55 173 56 172 56 171 56 170 56 170 57 169 57 168 57 167 57 166 57 165 57 164 57 163 57 162 57 161 57 160 57 159 57 158 57 157 57 156 57 155 57 154 57 153 57 152 57 151 57 150 57 149 57 148 57 147 57 146 57 145 57 144 57 143 57 142 57 141 57 140 57 139 57 138 57 137 57 136 57 135 57 134 57 134 58 133 58 133 59 133 60 133 61 133 62 132 62 131 62 130 62 129 62 128 62 127 62 126 62 125 62 125 63 125 64 124 64 124 65 124 66 123 66 123 67 122 67 121 67 120 67 
11 57
425 97 424 97 424 96 423 96 422 96 421 96 420 96 419 96 418 96 417 96 416 96 415 96 414 96 413 96 412 96 411 96 411 97 410 97 409 97 409 98 408 98 407 98 407 99 406 99 405 99 405 100 404 100 404 101 403 101 402 101 401 101 401 102 400 102 399 102 399 103 398 103 397 103 396 103 396 104 395 104 394 104 394 105 393 105 392 105 392 106 391 106 390 106 390 107 389 107 388 107 388 108 387 108 386 108 386 109 385 109 384 109 384 110 
12 374
384 110 383 110 382 110 382 111 381 111 380 111 380 112 379 112 378 112 378 113 377 113 376 113 376 114 375 114 374 114 374 115 373 115 373 116 372 116 371 116 371 117 370 117 369 117 369 118 368 118 367 118 367 119 366 119 365 119 365 120 364 120 363 120 363 121 362 121 362 122 361 122 360 122 360 123 359 123 358 123 358 124 357 124 356 124 356 125 355 125 354 125 354 126 353 126 352 126 352 127 351 127 350 127 350 128 349 128 348 128 347 128 347 129 346 129 345 129 345 130 344 130 343 130 343 131 342 131 341 131 341 132 340 132 339 132 338 132 338 133 337 133 336 133 335 133 335 134 334 134 333 134 332 134 332 135 331 135 330 135 329 135 328 135 328 136 327 136 326 136 325 136 325 137 324 137 323 137 322 137 321 137 320 137 320 138 319 138 318 138 317 138 316 138 315 138 315 139 314 139 313 139 312 139 311 139 310 139 309 139 308 139 308 140 307 140 306 140 305 140 304 140 303 140 302 140 301 140 300 140 300 141 299 141 298 141 297 141 296 141 295 141 294 141 293 141 292 141 291 141 290 141 289 141 288 141 288 142 287 142 286 142 285 142 284 142 283 142 282 142 281 142 280 142 279 142 278 142 277 142 276 142 275 142 274 142 273 142 272 142 271 142 270 142 269 142 268 142 267 142 266 142 265 142 264 142 263 142 262 142 261 142 260 142 259 142 258 142 257 142 256 142 255 142 254 142 253 142 252 142 251 142 250 142 249 142 248 142 248 141 247 141 246 141 245 141 244 141 243 141 242 141 241 141 240 141 239 141 238 141 237 141 237 140 236 140 235 140 234 140 233 140 232 140 231 140 231 139 230 139 229 139 228 139 227 139 226 139 226 138 225 138 224 138 223 138 222 138 221 138 221 137 220 137 219 137 218 137 217 137 217 136 216 136 215 136 214 136 213 136 213 135 212 135 211 135 210 135 210 134 209 134 208 134 207 134 206 134 206 133 205 133 204 133 203 133 203 132 202 132 201 132 201 131 200 131 199 131 198 131 198 130 197 130 196 130 195 130 195 129 194 129 193 129 192 129 192 128 191 128 190 128 189 128 188 128 187 128 186 128 185 128 185 127 184 127 183 127 182 127 182 126 181 126 180 126 179 126 179 125 178 125 177 125 177 124 176 124 175 124 175 123 174 123 174 122 173 122 173 121 172 121 172 120 171 120 171 119 170 119 170 118 169 118 168 118 168 117 167 117 167 116 166 116 165 116 165 115 164 115 163 115 163 114 162 114 161 114 161 113 160 113 159 113 158 113 158 112 157 112 156 112 156 111 155 111 154 111 153 111 153 110 152 110 151 110 150 110 149 110 148 110 147 110 146 110 145 110 144 110 143 110 142 110 141 110 141 109 141 108 141 107 141 106 140 106 140 105 139 105 138 105 138 104 137 104 137 103 136 103 135 103 135 102 134 102 134 101 134 100 133 100 133 99 132 99 132 98 131 98 131 97 131 96 130 96 130 95 129 95 129 94 128 94 127 94 127 93 126 93 126 92 126 91 126 90 125 90 125 89 124 89 123 89 122 89 121 89 120 89 120 88 119 88 119 87 119 86 119 85 118 85 118 84 118 83 118 82 118 81 118 80 118 79 118 78 118 77 118 76 118 75 118 74 118 73 118 72 118 71 118 70 118 69 118 68 117 68 
13 199
387 5 387 5 388 5 389 5 390 5 391 5 392 5 393 5 394 5 395 5 396 5 397 5 398 5 399 5 400 5 401 5 402 5 403 5 404 5 405 5 406 5 407 5 408 5 409 5 410 5 411 5 412 5 413 5 414 5 415 5 416 5 417 5 417 4 417 3 418 3 419 3 420 3 421 3 422 3 423 3 424 3 425 3 426 3 427 3 428 3 429 3 430 3 431 3 432 3 433 3 434 3 435 3 436 3 437 3 438 3 439 3 440 3 441 3 442 3 443 3 444 3 445 3 446 3 447 3 448 3 449 3 450 3 451 3 452 3 453 3 454 3 455 3 456 3 457 3 458 3 459 3 460 3 461 3 462 3 463 3 464 3 465 3 466 3 467 3 468 3 469 3 470 3 471 3 472 3 473 3 474 3 475 3 476 3 477 3 478 3 479 3 480 3 481 3 482 3 483 3 484 3 485 3 486 3 487 3 488 3 489 3 490 3 491 3 491 2 492 2 493 2 494 2 495 2 496 2 496 3 496 4 496 5 496 6 496 7 496 8 496 9 496 10 496 11 496 12 496 13 496 14 496 15 496 16 496 17 496 18 496 19 496 20 496 21 496 22 496 23 496 24 496 25 496 26 496 27 496 28 496 29 496 30 496 31 496 32 496 33 496 34 496 35 496 36 496 37 496 38 496 39 496 40 496 41 496 42 496 43 496 44 496 45 496 46 496 47 496 48 496 49 496 50 496 51 496 52 495 52 495 53 494 53 494 54 494 55 494 56 494 57 494 58 494 59 494 60 494 61 494 62 494 63 494 64 494 65 494 66 494 67 494 68 494 69 494 70 494 71 494 72 494 73 494 74 494 75 494 76 494 77 494 78 494 79 494 80 494 81 494 82 494 83 494 84 494 85 
14 110
384 110 385 109 386 109 386 108 387 108 388 108 388 107 388 106 388 105 388 104 388 103 388 102 388 101 388 100 388 99 388 98 388 97 388 96 388 95 388 94 388 93 388 92 388 91 388 90 388 89 388 88 388 87 388 86 388 85 388 84 388 83 388 82 388 81 388 80 388 79 388 78 388 77 388 76 388 75 388 74 388 73 388 72 388 71 388 70 388 69 388 68 388 67 388 66 388 65 388 64 388 63 388 62 388 61 388 60 388 59 388 58 388 57 388 56 388 55 388 54 388 53 388 52 388 51 388 50 388 49 388 48 388 47 388 46 388 45 388 44 388 43 388 42 388 41 388 40 388 39 388 38 388 37 388 36 388 35 388 34 388 33 388 32 388 31 388 30 388 29 388 28 388 27 388 26 388 25 388 24 388 23 388 22 388 21 388 20 388 19 388 18 387 18 387 17 387 16 387 15 387 14 387 13 387 12 387 11 387 10 387 9 387 8 387 7 387 6 387 5 
15 182
387 5 387 4 387 4 386 4 385 4 384 4 383 4 382 4 381 4 380 4 379 4 378 4 377 4 376 4 375 4 374 4 373 4 372 4 371 4 370 4 369 4 368 4 367 4 366 4 365 4 364 4 363 4 362 4 361 4 360 4 359 4 358 4 357 4 356 4 355 4 354 4 353 4 352 4 351 4 350 4 349 4 348 4 347 4 346 4 345 4 344 4 343 4 342 4 341 4 340 4 339 4 338 4 337 4 336 4 335 4 334 4 333 4 332 4 331 4 330 4 329 4 328 4 327 4 326 4 325 4 324 4 323 4 322 4 321 4 320 4 319 4 318 4 317 4 316 4 315 4 314 4 313 4 312 4 311 4 310 4 309 4 308 4 307 4 306 4 305 4 304 4 303 4 302 4 301 4 300 4 299 4 298 4 297 4 296 4 295 4 294 4 293 4 292 4 291 4 290 4 289 4 288 4 287 4 286 4 285 4 284 4 283 4 282 4 281 4 280 4 279 4 278 4 277 4 276 4 275 4 274 4 273 4 272 4 271 4 270 4 269 4 268 4 267 4 266 4 265 4 264 4 263 4 262 4 261 4 260 4 259 4 258 4 257 4 256 4 255 4 254 4 253 4 252 4 251 4 250 4 249 4 248 4 247 4 246 4 245 4 244 4 243 4 242 4 241 4 240 4 239 4 238 4 237 4 236 4 235 4 234 4 233 4 232 4 231 4 230 4 229 4 228 4 227 4 226 4 225 4 224 4 223 4 222 4 221 4 220 4 219 4 218 4 217 4 216 4 215 4 214 4 213 4 212 4 211 4 210 4 209 4 207 4 
16 356
369 309 370 309 371 309 372 309 373 309 374 309 375 309 376 309 377 309 378 309 379 309 380 309 381 309 382 309 383 309 384 309 385 309 386 309 387 309 388 309 389 309 390 309 391 309 392 309 392 308 393 308 394 308 394 307 395 307 396 307 397 307 398 307 399 307 400 307 401 307 402 307 403 307 404 307 405 307 406 307 407 307 408 307 409 307 410 307 411 307 412 307 413 307 414 307 415 307 416 307 417 307 418 307 419 307 420 307 421 307 422 307 423 307 424 307 425 307 426 307 427 307 428 307 429 307 430 307 431 307 432 307 433 307 434 307 435 307 436 307 437 307 438 307 439 307 440 307 441 307 442 307 443 307 444 307 445 307 446 307 447 307 448 307 449 307 450 307 451 307 452 307 453 307 454 307 455 307 456 307 457 307 458 307 459 307 460 307 461 307 462 307 463 307 464 307 465 307 466 307 467 307 468 307 469 307 470 307 471 307 472 307 473 307 474 307 475 307 476 307 477 307 478 307 479 307 480 307 481 307 482 307 483 307 484 307 485 307 486 307 487 307 488 307 489 307 490 307 490 308 491 308 492 308 493 308 494 308 494 309 494 308 494 307 494 306 494 305 494 304 494 303 494 302 494 301 494 300 494 299 494 298 494 297 494 296 494 295 494 294 494 293 494 292 494 291 494 290 494 289 494 288 494 287 494 286 494 285 494 284 495 284 495 283 495 282 495 281 494 281 494 280 494 279 494 278 494 277 494 276 494 275 494 274 494 273 494 272 494 271 494 270 494 269 494 268 494 267 494 266 494 265 494 264 494 263 494 262 494 261 494 260 494 259 494 258 494 257 494 256 494 255 494 254 494 253 494 252 494 251 494 250 494 249 494 248 494 247 494 246 494 245 494 244 494 243 494 242 494 241 494 240 495 240 495 239 495 238 495 237 495 236 495 235 495 234 495 233 495 232 495 231 495 230 495 229 495 228 495 227 495 226 495 225 495 224 495 223 495 222 495 221 495 220 495 219 495 218 495 217 495 216 495 215 495 214 495 213 495 212 495 211 495 210 495 209 495 208 495 207 495 206 495 205 495 204 495 203 495 202 495 201 495 200 495 199 495 198 495 197 495 196 495 195 495 194 495 193 495 192 495 191 495 190 495 189 495 188 495 187 495 186 495 185 495 184 495 183 495 182 495 181 495 180 495 179 495 178 495 177 495 176 495 175 495 174 495 173 495 172 495 171 495 170 495 169 495 168 495 167 495 166 495 165 495 164 495 163 495 162 495 161 495 160 495 159 495 158 495 157 495 156 495 155 495 154 495 153 495 152 495 151 495 150 495 149 495 148 495 147 495 146 495 145 495 144 495 143 495 142 495 141 495 140 495 139 495 138 495 137 495 136 495 135 495 134 495 133 495 132 495 131 495 130 495 129 495 128 495 127 495 126 495 125 495 124 495 123 495 122 495 121 495 120 495 119 495 118 495 117 495 116 495 115 495 114 495 113 495 112 495 111 495 110 495 109 495 108 495 107 495 106 495 105 495 104 495 103 495 102 495 101 495 100 495 99 495 98 495 97 495 96 495 95 495 94 495 93 496 93 496 92 496 91 496 90 496 89 496 88 496 87 
17 103
496 87 497 87 497 86 497 85 497 84 497 83 497 82 497 81 496 81 495 81 494 81 494 80 493 80 492 80 491 80 490 80 489 80 488 80 488 81 487 81 486 81 485 81 484 81 483 81 482 81 481 81 480 81 479 81 478 81 478 82 478 83 478 84 477 84 477 85 476 85 475 85 474 85 473 85 472 85 471 85 470 85 469 85 468 85 467 85 466 85 465 85 464 85 463 85 462 85 461 85 461 86 460 86 459 86 458 86 458 87 458 88 457 88 457 89 457 90 456 90 455 90 454 90 454 91 454 92 454 93 453 93 453 94 452 94 451 94 450 94 449 94 448 94 448 95 447 95 446 95 445 95 444 95 443 95 442 95 442 96 442 97 441 97 440 97 439 97 438 97 437 97 436 97 435 97 434 97 433 97 432 97 431 97 431 98 431 99 430 99 429 99 428 99 427 99 427 98 426 98 425 98 425 97 425 97 
CtrlSeqSet
18
0 21
360 220 0 371 215 0 378 211 0 386 208 0 393 204 0 400 200 0 406 195 0 412 190 0 418 185 0 424 180 0 429 174 0 433 167 0 437 160 0 440 152 0 443 144 0 444 134 0 444 125 0 443 115 0 440 107 0 434 102 0 423 97 0 
1 5
360 220 0 365 246 0 367 270 0 367 301 0 368 308 0 
2 11
129 191 0 144 204 0 163 215 0 183 225 0 207 231 0 232 236 0 260 238 0 289 237 0 316 234 0 340 228 0 360 220 0 
3 8
87 70 0 94 85 0 103 101 0 107 122 0 108 144 0 110 163 0 119 179 0 129 191 0 
4 6
129 191 0 124 214 0 123 239 0 122 264 0 120 288 0 114 309 0 
5 14
114 309 0 131 310 0 147 310 0 168 310 0 189 310 0 209 310 0 233 310 0 248 310 0 268 310 0 287 310 0 307 310 0 323 310 0 341 308 0 368 308 0 
6 14
114 309 0 86 310 0 61 310 0 26 310 0 7 306 0 3 285 0 2 253 0 2 225 0 2 197 0 2 169 0 4 141 0 3 115 0 4 90 0 3 71 0 
7 8
3 71 0 14 71 0 26 71 0 38 71 0 50 71 0 62 71 0 74 71 0 87 70 0 
8 4
116 66 0 109 61 0 92 63 0 87 70 0 
9 8
3 71 0 2 27 0 10 5 0 56 2 0 97 2 0 136 2 0 175 2 0 204 2 0 
10 5
204 2 0 195 37 0 170 57 0 130 62 0 116 66 0 
11 6
423 97 0 415 96 0 407 99 0 399 102 0 392 106 0 384 109 0 
12 11
384 109 0 360 123 0 334 134 0 303 140 0 268 142 0 233 140 0 203 133 0 175 124 0 152 110 0 130 95 0 116 66 0 
13 14
385 2 0 402 2 0 416 2 0 430 2 0 446 2 0 459 2 0 475 2 0 488 3 0 495 10 0 498 24 0 498 44 0 498 56 0 498 74 0 498 90 0 
14 6
384 109 0 388 91 0 388 69 0 388 47 0 388 25 0 385 2 0 
15 6
385 2 0 354 2 0 319 2 0 278 2 0 246 2 0 204 2 0 
16 14
368 308 0 398 310 0 427 310 0 447 310 0 474 310 0 493 310 0 498 293 0 498 258 0 498 226 0 498 193 0 498 170 0 498 132 0 498 108 0 498 90 0 
17 6
498 90 0 484 82 0 473 82 0 457 84 0 443 88 0 423 97 0 
IfSplit
12
1 1 1 1 1 1 1 1 1 1 1 1 
jpt
12
423 97 0 360 220 0 368 308 0 129 191 0 87 70 0 114 309 0 3 71 0 116 66 0 204 2 0 384 109 0 385 2 0 498 90 0 
Seqid
12
693 470 108 650 480 130 355 429 276 56 109 355 
splineid
12
0 3
0 11 17 
1 3
0 1 2 
2 3
1 5 16 
3 3
2 3 4 
4 3
3 7 8 
5 3
4 5 6 
6 3
6 7 9 
7 3
8 10 12 
8 3
9 10 15 
9 3
11 12 14 
10 3
13 14 15 
11 3
13 16 17 
