CircularSet
15
0 0 0 0 0 0 0 0 0 0 0 0 0 0 0 
ParaSet
15
0.05 0.25 0.15 0.25 0.15 0.25 0.15 0.35 0.15 0.15 0.18 0.15 0.05 0.05 0.28 
SeqSet
15
0 410
129 125 128 125 127 125 126 125 125 125 124 125 123 125 122 125 121 125 121 124 120 124 120 123 119 123 118 123 118 122 118 121 117 121 117 120 116 120 116 119 115 119 115 118 115 117 114 117 114 116 113 116 112 116 112 115 112 114 111 114 111 113 110 113 110 112 109 112 109 111 108 111 108 110 107 110 106 110 106 109 105 109 104 109 104 108 103 108 102 108 101 108 101 107 100 107 99 107 98 107 97 107 96 107 95 107 94 107 94 106 93 106 92 106 91 106 90 106 90 105 89 105 89 104 88 104 88 103 87 103 87 102 86 102 86 101 85 101 85 100 85 99 84 99 84 98 83 98 83 97 83 96 82 96 81 96 81 95 80 95 80 94 79 94 79 93 78 93 78 92 78 91 77 91 77 90 77 89 77 88 76 88 76 87 75 87 75 86 74 86 74 85 73 85 73 84 72 84 72 83 71 83 71 82 71 81 70 81 70 80 69 80 69 79 69 78 69 77 68 77 68 76 68 75 68 74 68 73 68 72 69 72 69 71 69 70 69 69 69 68 69 67 69 66 69 65 69 64 69 63 69 62 70 62 70 61 70 60 70 59 70 58 70 57 70 56 70 55 70 54 71 54 71 53 71 52 71 51 70 51 70 50 70 49 70 48 70 47 70 46 70 45 70 44 70 43 70 42 71 42 71 41 71 40 72 40 72 39 72 38 72 37 73 37 73 36 73 35 74 35 74 34 74 33 75 33 75 32 76 32 76 31 76 30 76 29 77 29 77 28 77 27 78 27 78 26 79 26 79 25 79 24 80 24 80 23 81 23 81 22 81 21 82 21 82 20 82 19 83 19 83 18 83 17 84 17 84 16 85 16 85 15 86 15 86 14 87 14 87 13 88 13 88 12 89 12 90 12 90 11 91 11 91 10 92 10 93 10 93 9 94 9 95 9 96 9 97 9 97 8 98 8 99 8 100 8 101 8 102 8 103 8 104 8 105 8 106 8 107 8 108 8 109 8 110 8 111 8 112 8 113 8 114 8 115 8 116 8 116 7 117 7 118 7 118 6 118 5 119 5 120 5 121 5 122 5 122 4 122 3 123 3 124 3 125 3 126 3 126 4 126 5 126 4 126 3 127 3 128 3 129 3 130 3 131 3 132 3 132 4 132 5 132 6 132 5 132 4 132 3 133 3 134 3 135 3 135 4 136 4 137 4 137 5 138 5 139 5 139 6 140 6 141 6 141 7 142 7 143 7 143 8 144 8 144 9 145 9 145 10 146 10 146 11 146 12 147 12 148 12 149 12 150 12 150 13 151 13 152 13 152 14 153 14 154 14 155 14 155 15 156 15 156 16 157 16 157 17 158 17 159 17 159 18 160 18 160 19 161 19 161 20 162 20 162 21 163 21 163 22 164 22 164 23 164 24 164 25 165 25 165 26 165 27 166 27 166 28 167 28 167 29 167 30 168 30 168 31 168 32 169 32 169 33 169 34 170 34 170 35 170 36 171 36 171 37 171 38 171 39 171 40 172 40 172 41 172 42 172 43 172 44 173 44 173 45 174 45 174 46 174 47 174 48 174 49 174 50 174 51 174 52 174 53 173 53 173 54 173 55 172 55 172 56 172 57 172 58 172 59 172 60 172 61 172 62 172 63 172 64 172 65 171 65 171 66 171 67 171 68 171 69 171 70 171 71 171 72 171 73 171 74 171 75 171 76 170 76 170 77 170 78 170 79 170 80 170 81 169 81 169 82 169 83 168 83 168 84 167 84 166 84 165 84 164 84 163 84 162 84 162 85 162 86 162 87 162 88 162 89 162 90 162 91 162 92 162 93 162 94 162 95 162 96 162 97 162 98 162 99 
1 80
162 99 162 100 162 101 162 102 161 102 161 103 161 104 161 105 161 106 161 107 161 108 161 109 161 110 161 111 161 112 161 113 161 114 161 115 160 115 160 116 160 117 159 117 159 118 159 119 158 119 158 120 158 121 158 122 157 122 157 123 157 124 156 124 156 125 155 125 155 126 155 127 154 127 154 128 153 128 153 129 152 129 152 130 151 130 150 130 150 131 149 131 149 132 148 132 147 132 147 133 147 134 149 134 148 134 148 133 148 132 147 132 146 132 145 132 144 132 143 132 142 132 141 132 140 132 139 132 139 131 138 131 137 131 137 130 136 130 135 130 135 129 134 129 134 128 133 128 133 127 132 127 132 126 131 126 130 126 130 125 
2 269
134 265 133 265 133 264 133 263 133 262 133 261 133 260 133 259 132 259 132 258 131 258 130 258 130 257 129 257 128 257 127 257 126 257 125 257 124 257 123 257 122 257 122 258 121 258 120 258 120 259 120 260 120 261 120 262 119 262 118 262 117 262 116 262 115 262 115 263 114 263 113 263 112 263 111 263 110 263 110 262 109 262 108 262 107 262 106 262 105 262 104 262 104 263 103 263 102 263 101 263 101 264 101 265 101 264 100 264 99 264 98 264 97 264 96 264 95 264 95 265 94 265 93 265 92 265 91 265 90 265 89 265 88 265 87 265 86 265 85 265 85 266 85 267 85 266 85 265 84 265 84 264 83 264 83 263 82 263 82 262 82 261 82 260 82 259 82 258 82 257 82 256 81 256 81 255 81 254 81 253 81 252 81 251 81 250 81 249 81 248 81 247 81 246 81 245 81 244 81 243 81 242 81 241 81 240 81 239 81 238 81 237 81 236 81 235 81 234 81 233 81 232 81 231 81 230 81 229 81 228 81 227 81 226 81 225 81 224 81 223 81 222 81 221 81 220 81 219 81 218 81 217 81 216 81 215 81 214 81 213 81 212 81 211 81 210 81 209 81 208 81 207 81 206 81 205 81 204 82 204 82 203 82 202 82 201 82 200 82 199 82 198 82 197 82 196 82 195 82 194 82 193 82 192 82 191 82 190 82 189 82 188 82 187 82 186 82 185 82 184 82 183 82 182 82 181 83 181 83 180 83 179 83 178 83 177 83 176 84 176 84 175 84 174 85 174 85 173 85 172 85 171 86 171 86 170 87 170 87 169 87 168 87 167 88 167 88 166 89 166 89 165 90 165 90 164 91 164 91 163 92 163 92 162 93 162 93 161 94 161 94 160 95 160 95 159 96 159 96 158 97 158 97 157 98 157 98 156 99 156 99 155 100 155 100 154 101 154 101 153 102 153 102 152 103 152 103 151 104 151 105 151 105 150 106 150 106 149 107 149 107 148 108 148 108 147 108 146 109 146 109 145 110 145 110 144 111 144 111 143 112 143 112 142 113 142 113 141 114 141 114 140 115 140 115 139 115 138 116 138 116 137 117 137 117 136 118 136 118 135 119 135 119 134 120 134 120 133 121 133 121 132 122 132 122 131 122 130 122 129 122 128 122 127 122 126 122 125 123 125 124 125 125 125 126 125 127 125 128 125 129 125 130 125 130 124 129 125 
3 208
262 223 261 223 262 223 262 224 262 225 262 226 262 227 262 228 262 229 262 230 261 230 260 230 259 230 258 230 257 230 256 230 255 230 255 231 255 232 255 233 255 234 255 235 255 236 255 237 254 237 253 237 253 238 253 239 253 240 253 241 253 242 253 243 253 244 252 244 251 244 250 244 250 245 249 245 249 246 248 246 248 247 248 248 247 248 246 248 245 248 244 248 243 248 243 249 243 250 243 251 243 252 243 253 242 253 241 253 241 254 240 254 239 254 238 254 238 255 237 255 236 255 236 256 235 256 234 256 233 256 233 257 232 257 231 257 230 257 229 257 228 257 227 257 227 258 226 258 225 258 224 258 223 258 222 258 221 258 220 258 219 258 218 258 217 258 216 258 215 258 214 258 213 258 213 257 212 257 211 257 210 257 209 257 208 257 207 257 206 257 205 257 204 257 203 257 202 257 201 257 201 256 200 256 199 256 199 255 198 255 197 255 196 255 196 254 195 254 195 253 194 253 193 253 192 253 192 252 192 251 192 250 192 249 192 248 192 247 192 246 191 246 190 246 190 245 189 245 188 245 187 245 186 245 185 245 184 245 184 245 184 246 184 247 184 248 184 249 184 250 184 251 184 252 183 252 183 253 182 253 181 253 181 254 180 254 180 255 179 255 178 255 177 255 177 256 177 257 176 257 176 258 175 258 174 258 174 259 173 259 173 260 172 260 172 261 171 261 171 262 170 262 169 262 169 263 168 263 167 263 166 263 165 263 164 263 163 263 162 263 161 263 161 262 161 261 161 260 160 260 159 260 158 260 157 260 156 260 155 260 154 260 153 260 153 261 152 261 151 261 150 261 150 262 150 263 150 264 150 265 150 266 149 266 148 266 147 266 146 266 145 266 144 266 144 265 143 265 142 265 141 265 140 265 139 265 138 265 137 265 136 265 135 265 134 265 
4 246
162 99 162 100 162 101 162 102 163 102 164 102 165 102 166 102 167 102 168 102 169 102 170 102 171 102 172 102 173 102 173 103 174 103 174 104 175 104 175 105 176 105 176 106 177 106 177 107 178 107 179 107 179 108 180 108 181 108 181 109 182 109 183 109 184 109 184 110 185 110 186 110 187 110 188 110 188 111 189 111 190 111 191 111 192 111 193 111 194 111 194 112 194 113 195 113 196 113 197 113 197 114 197 114 198 114 199 114 200 114 201 114 202 114 203 114 204 114 205 114 206 114 207 114 208 114 209 114 210 114 211 114 212 114 213 114 214 114 215 114 216 114 217 114 218 114 219 114 219 115 220 115 221 115 222 115 223 115 224 115 225 115 226 115 227 115 228 115 229 115 230 115 231 115 232 115 233 115 234 115 235 115 236 115 237 115 238 115 239 115 240 115 241 115 242 115 243 115 244 115 244 116 244 117 244 116 245 116 246 116 247 116 248 116 249 116 250 116 251 116 252 116 252 117 253 117 253 118 254 118 254 119 255 119 256 119 257 119 257 120 258 120 258 121 259 121 259 122 260 122 260 123 260 124 261 124 261 125 262 125 263 125 264 125 265 125 266 125 266 126 266 127 266 128 267 128 268 128 269 128 270 128 269 128 269 129 269 130 269 131 269 132 269 133 269 134 269 135 269 136 269 137 269 138 269 139 269 140 269 141 269 142 269 143 269 144 269 145 269 146 269 147 270 147 270 148 270 149 270 150 270 151 270 152 270 153 270 154 269 154 269 155 269 156 269 157 269 158 269 159 269 160 269 161 269 162 269 163 269 164 269 165 268 165 268 166 268 167 268 168 268 169 268 170 267 170 267 171 267 172 267 173 267 174 267 175 266 175 266 176 266 177 266 178 265 178 265 179 265 180 265 181 264 181 264 182 264 183 264 184 264 185 264 186 264 187 264 188 264 189 264 190 264 191 264 192 263 192 263 193 263 194 263 195 262 195 262 196 262 197 262 198 262 199 262 200 262 201 262 202 262 203 262 204 262 205 262 206 262 207 262 208 262 209 262 210 262 211 262 212 262 213 262 214 262 215 262 216 262 217 262 218 262 219 262 220 262 221 262 222 262 223 
5 79
262 223 262 224 262 225 262 226 262 227 262 228 262 229 262 230 262 231 262 232 262 233 262 234 262 235 262 236 262 237 262 238 262 239 262 240 262 241 262 242 262 243 262 244 262 245 262 246 262 247 262 248 262 249 262 250 262 251 262 252 261 252 260 252 259 252 258 252 258 253 258 254 258 255 258 256 257 256 257 257 257 258 257 259 257 260 257 261 257 262 257 263 257 264 257 265 257 266 257 267 257 268 257 269 257 270 256 270 256 271 256 272 256 273 256 274 256 275 256 276 255 276 255 277 255 278 255 279 255 280 255 281 254 281 254 282 254 283 253 283 253 284 253 285 253 286 253 287 253 288 253 289 253 290 253 291 253 292 
6 152
134 281 138 282 139 282 140 282 141 282 142 282 143 282 144 282 145 282 145 283 145 284 146 284 146 285 146 286 146 287 147 287 148 287 148 288 148 289 148 290 148 291 148 292 148 293 148 294 148 295 148 296 148 297 148 298 149 298 150 298 151 298 152 298 152 299 152 300 152 301 153 301 154 301 155 301 156 301 157 301 157 302 158 302 159 302 159 303 159 303 160 303 160 304 161 304 162 304 163 304 164 304 165 304 166 304 167 304 168 304 169 304 170 304 171 304 172 304 173 304 174 304 175 304 176 304 177 304 178 304 179 304 180 304 181 304 182 304 183 304 184 304 185 304 186 304 187 304 188 304 189 304 190 304 191 304 192 304 193 304 194 304 195 304 196 304 197 304 198 304 199 304 200 304 201 304 202 304 203 304 204 304 205 304 205 303 206 303 207 303 208 303 209 303 210 303 211 303 212 303 213 303 214 303 215 303 216 303 217 303 218 303 219 303 220 303 221 303 222 303 223 303 224 303 225 303 226 303 227 303 228 303 229 303 230 303 231 303 232 303 233 303 234 303 235 303 236 303 237 303 238 303 239 303 240 303 241 303 242 303 243 303 244 303 245 303 246 303 247 303 247 302 248 302 248 301 248 300 249 300 250 300 250 299 250 298 250 297 250 296 251 296 251 295 252 295 252 294 252 293 252 292 253 292 
7 21
134 281 134 280 135 280 135 279 135 278 136 278 136 277 136 276 136 275 136 274 136 273 136 272 136 271 136 270 135 270 135 269 135 268 135 267 134 267 134 266 134 265 
8 79
253 292 253 293 253 294 253 295 253 296 253 297 253 298 254 298 254 299 255 299 256 299 257 299 257 300 258 300 258 301 259 301 259 302 259 303 260 303 260 304 260 305 260 306 260 307 261 307 262 307 262 308 263 308 263 309 263 310 263 311 263 312 263 313 264 313 264 314 264 315 264 316 264 317 264 318 265 318 265 319 265 320 265 321 266 321 266 322 266 323 266 324 266 325 266 326 266 327 267 327 267 328 267 329 267 330 267 331 267 332 267 333 267 334 267 335 267 336 268 336 268 337 268 338 268 339 269 339 269 340 269 341 269 342 269 343 269 344 269 345 269 346 269 347 270 347 270 348 270 349 270 350 270 351 270 352 270 353 
9 250
270 353 270 354 270 355 270 356 269 356 269 357 269 358 269 359 269 360 269 361 269 362 270 362 270 363 270 364 269 364 268 364 268 365 267 365 267 366 266 366 265 366 265 367 264 367 264 368 263 368 262 368 262 369 261 369 261 370 260 370 259 370 258 370 258 371 257 371 256 371 255 371 254 371 253 371 253 372 252 372 251 372 251 373 250 373 249 373 248 373 247 373 247 374 246 374 245 374 244 374 243 374 243 375 242 375 241 375 240 375 240 376 239 376 238 376 237 376 237 377 236 377 235 377 235 378 234 378 233 378 232 378 232 379 231 379 230 379 229 379 229 380 228 380 227 380 227 381 226 381 225 381 224 381 223 381 223 382 223 383 222 383 221 383 220 383 220 384 219 384 218 384 217 384 217 385 216 385 216 386 215 386 215 387 215 388 215 389 214 389 213 389 212 389 211 389 210 389 209 389 208 389 208 390 207 390 206 390 205 390 204 390 203 390 202 390 201 390 200 390 199 390 198 390 198 391 198 392 197 392 196 392 195 392 194 392 193 392 192 392 191 392 190 392 189 392 188 392 187 392 186 392 185 392 184 392 183 392 182 392 181 392 180 392 179 392 178 392 177 392 176 392 175 392 174 392 173 392 172 392 171 392 170 392 169 392 168 392 167 392 166 392 165 392 164 392 163 392 162 392 161 392 160 392 159 392 158 392 157 392 156 392 155 392 154 392 153 392 153 393 153 394 152 394 151 394 150 394 149 394 148 394 147 394 146 394 146 395 145 395 145 396 144 396 143 396 142 396 141 396 140 396 139 396 139 397 139 398 139 399 139 400 139 401 138 401 137 401 136 401 135 401 134 401 133 401 132 401 131 401 130 401 130 402 129 402 128 402 127 402 126 402 125 402 124 402 123 402 122 402 121 402 120 402 119 402 118 402 117 402 116 402 115 402 114 402 113 402 112 402 111 402 110 402 109 402 109 401 108 401 107 401 107 400 106 400 106 399 106 398 106 397 105 397 105 396 104 396 104 395 104 394 104 393 103 393 103 392 103 391 103 390 102 390 102 389 102 388 102 387 102 386 102 385 102 384 102 383 102 382 102 381 102 380 102 379 102 378 102 377 102 376 102 375 102 374 102 373 102 372 
10 128
102 372 102 371 102 370 101 370 100 370 100 369 100 368 100 367 100 366 100 365 100 364 101 364 101 363 101 362 101 361 101 360 102 360 102 359 102 358 102 357 102 356 103 356 103 355 103 354 103 353 104 353 104 352 104 351 104 350 105 350 105 349 105 348 106 348 106 347 106 346 106 345 107 345 107 344 107 343 108 343 108 342 108 341 109 341 109 340 109 339 109 338 110 338 110 337 110 336 111 336 111 335 111 334 111 333 112 333 112 332 112 331 112 330 113 330 113 329 113 328 113 327 114 327 114 326 114 325 114 324 115 324 115 323 115 322 116 322 116 321 116 320 117 320 117 319 117 318 117 317 118 317 118 316 118 315 119 315 119 314 119 313 120 313 120 312 120 311 121 311 121 310 121 309 122 309 122 308 122 307 123 307 123 306 123 305 124 305 124 304 124 303 125 303 125 302 125 301 126 301 126 300 127 300 127 299 127 298 127 297 128 297 128 296 128 295 129 295 129 294 129 293 130 293 130 292 130 291 130 290 131 290 131 289 131 288 132 288 132 287 132 286 132 285 133 285 133 284 133 283 134 283 134 282 134 281 
11 50
102 372 100 371 99 371 98 371 97 371 97 372 96 372 96 373 95 373 95 374 94 374 94 375 93 375 93 376 92 376 92 377 91 377 91 378 90 378 90 379 89 379 89 380 88 380 88 381 87 381 87 382 87 383 86 383 86 384 85 384 85 385 85 386 84 386 84 387 84 388 83 388 83 389 83 390 82 390 82 391 82 392 82 393 82 394 82 395 82 396 82 397 82 398 82 399 82 400 82 401 
12 479
288 400 290 400 291 400 292 400 293 400 294 400 295 400 296 400 296 401 296 402 297 402 297 403 298 403 299 403 298 403 298 404 298 405 298 406 298 407 297 407 297 408 297 409 297 410 297 411 297 412 297 413 297 414 297 415 296 415 296 416 296 417 296 418 296 419 296 420 296 421 296 422 296 423 296 424 295 424 295 425 295 426 295 427 295 428 295 429 295 430 294 430 294 431 294 432 294 433 294 434 294 435 294 436 294 437 294 438 293 438 293 439 293 440 293 441 293 442 293 443 293 444 293 445 293 446 293 447 293 448 292 448 292 449 292 450 292 451 292 452 292 453 292 454 292 455 292 456 291 456 291 457 291 458 291 459 291 460 291 461 291 462 291 463 291 464 292 464 293 464 293 464 292 464 291 464 291 465 291 466 290 466 290 467 290 468 290 469 290 470 289 470 289 471 289 472 289 473 289 474 289 475 289 476 289 477 289 478 289 479 289 480 289 481 288 481 288 482 288 483 288 484 288 485 288 486 289 486 290 486 289 486 288 486 288 485 287 485 286 485 285 485 284 485 283 485 282 485 281 485 280 485 279 485 278 485 277 485 276 485 275 485 274 485 273 485 272 485 271 485 270 485 269 485 268 485 267 485 266 485 265 485 264 485 263 485 262 485 261 485 260 485 259 485 258 485 257 485 256 485 255 485 255 486 254 486 253 486 252 486 252 487 251 487 250 487 249 487 248 487 247 487 246 487 245 487 244 487 243 487 242 487 241 487 240 487 239 487 238 487 237 487 236 487 235 487 234 487 233 487 232 487 231 487 230 487 229 487 228 487 227 487 226 487 225 487 224 487 223 487 222 487 221 487 220 487 219 487 218 487 218 486 217 486 216 486 215 486 214 486 213 486 212 486 211 486 210 486 209 486 208 486 207 486 206 486 205 486 204 486 203 486 202 486 201 486 200 486 199 486 198 486 197 486 196 486 195 486 194 486 193 486 192 486 191 486 190 486 189 486 188 486 187 486 186 486 185 486 184 486 183 486 182 486 182 485 181 485 180 485 179 485 178 485 177 485 176 485 175 485 174 485 173 485 172 485 171 485 170 485 170 484 169 484 168 484 167 484 166 484 165 484 164 484 163 484 163 485 162 485 161 485 160 485 159 485 158 485 157 485 156 485 155 485 154 485 153 485 152 485 151 485 150 485 149 485 148 485 147 485 146 485 145 485 144 485 143 485 142 485 141 485 140 485 139 485 138 485 137 485 136 485 135 485 134 485 133 485 132 485 131 485 130 485 129 485 128 485 127 485 126 485 125 485 124 485 123 485 122 485 121 485 120 485 119 485 118 485 117 485 116 485 115 485 114 485 113 485 112 485 111 485 110 485 109 485 108 485 107 485 106 485 105 485 104 485 103 485 102 485 101 485 100 485 99 485 98 485 97 485 96 485 95 485 94 485 94 486 93 486 92 486 91 486 90 486 89 486 88 486 87 486 86 486 85 486 84 486 83 486 82 486 82 485 81 485 80 485 79 485 78 485 78 484 77 484 76 484 75 484 74 484 73 484 73 483 72 483 71 483 70 483 69 483 69 482 68 482 67 482 66 482 66 481 65 481 64 481 64 480 63 480 62 480 62 479 61 479 61 478 60 478 60 477 59 477 59 476 59 475 58 475 58 474 58 473 57 473 57 472 56 472 56 471 56 470 55 470 55 469 55 468 54 468 54 467 54 466 53 466 53 465 52 465 52 464 52 463 52 462 51 462 51 461 51 460 51 459 51 458 51 457 50 457 50 456 50 455 50 454 50 453 50 452 50 451 50 450 50 449 50 448 50 447 50 446 50 445 50 444 50 443 50 442 51 442 51 441 51 440 52 440 52 439 53 439 53 438 54 438 54 437 54 436 55 436 55 435 56 435 56 434 57 434 57 433 58 433 58 432 59 432 59 431 60 431 60 430 60 429 61 429 61 428 62 428 62 427 63 427 63 426 64 426 64 425 65 425 65 424 65 423 66 423 66 422 67 422 67 421 67 420 68 420 68 419 69 419 69 418 70 418 70 417 70 416 71 416 71 415 72 415 72 414 73 414 73 413 74 413 74 412 74 411 75 411 75 410 76 410 76 409 77 409 77 408 77 407 78 407 78 406 79 406 79 405 80 405 80 404 81 404 81 403 81 402 82 401 
13 373
82 401 82 402 82 403 83 403 83 404 83 405 84 405 84 406 84 407 85 407 85 408 85 409 86 409 86 410 87 410 87 411 87 412 87 413 87 414 87 415 87 416 88 417 89 417 90 417 91 417 92 417 92 418 92 419 92 420 93 420 93 421 93 422 94 422 95 422 96 422 97 422 97 423 98 423 98 424 98 425 99 425 100 425 100 426 100 427 101 427 101 428 102 428 102 429 103 429 103 430 104 430 104 431 104 432 104 433 104 434 105 434 105 435 106 435 106 436 107 436 107 437 108 437 108 438 109 438 110 438 110 439 111 439 112 439 112 440 113 440 113 441 114 441 115 441 115 442 116 442 117 442 117 443 118 443 119 443 120 443 120 444 121 444 122 444 122 445 123 445 124 445 125 445 125 446 126 446 126 447 127 447 128 447 128 448 129 448 130 448 131 448 131 449 132 449 133 449 134 449 134 450 135 450 136 450 137 450 138 450 138 451 139 451 140 451 140 452 141 452 142 452 143 452 144 452 144 453 145 453 146 453 146 454 147 454 148 454 148 455 149 455 150 455 150 456 151 456 151 457 152 457 153 457 153 458 154 458 155 458 155 459 156 459 156 458 157 458 158 458 159 458 160 458 160 459 161 459 161 460 161 461 161 462 162 462 162 463 163 463 164 463 164 464 164 465 164 466 165 466 166 466 167 466 168 466 169 466 170 466 171 466 171 467 171 468 172 468 172 469 172 470 172 471 172 472 173 472 174 472 175 472 176 472 177 472 178 472 179 472 180 472 181 472 182 472 183 472 184 472 185 472 186 472 187 472 188 472 189 472 190 472 191 472 192 472 193 472 194 472 195 472 196 472 197 472 198 472 199 472 199 473 200 473 200 474 201 474 202 474 202 475 203 475 203 476 204 476 205 476 206 476 207 476 208 476 209 476 210 476 211 476 212 476 213 476 214 476 215 476 216 476 217 476 218 476 219 476 220 476 221 476 222 476 223 476 224 476 225 476 226 476 227 476 228 476 229 476 229 475 230 475 231 475 232 475 233 475 234 475 235 475 236 475 237 475 238 475 239 475 240 475 240 474 241 474 242 474 242 473 243 473 244 473 245 473 245 472 246 472 247 472 247 471 248 471 249 471 249 470 250 470 251 470 251 469 252 469 253 469 253 468 254 468 255 468 255 467 255 466 256 466 257 466 257 465 258 465 258 464 259 464 259 463 259 462 260 462 260 461 261 461 261 460 262 460 262 459 263 459 263 458 263 457 264 457 264 456 265 456 265 455 266 455 267 455 268 455 269 455 269 454 269 453 269 452 269 451 269 450 269 449 270 449 270 448 271 448 271 447 272 447 272 446 273 446 273 445 274 445 274 444 274 443 275 443 275 442 276 442 276 441 277 441 277 440 277 439 278 439 278 438 279 438 280 438 281 438 282 438 283 438 284 438 285 438 284 438 284 437 284 436 284 435 284 434 284 433 285 433 285 432 285 431 285 430 285 429 286 429 286 428 286 427 286 426 287 426 287 425 287 424 287 423 287 422 288 422 288 421 288 420 288 419 288 418 289 418 289 417 289 416 289 415 289 414 289 413 289 412 289 411 288 411 287 411 286 411 285 411 285 410 285 409 285 408 285 407 285 406 286 406 286 405 286 404 286 403 287 403 288 403 289 403 288 403 287 403 287 402 287 401 287 400 288 400 
14 69
288 400 289 400 288 400 288 399 288 398 288 397 288 396 288 395 288 394 288 393 288 392 288 391 288 390 288 389 288 388 288 387 288 386 288 385 288 384 288 383 288 382 288 381 288 380 288 379 288 378 288 377 288 376 288 375 288 374 288 373 288 372 288 371 288 370 288 369 287 369 287 368 287 367 286 367 285 367 285 366 284 366 284 365 283 365 283 364 283 363 282 363 282 362 281 362 281 361 281 360 281 359 280 359 280 358 280 357 280 356 279 356 278 356 277 356 276 356 276 355 275 355 274 355 273 355 272 355 271 355 270 355 270 354 269 354 270 353 
CtrlSeqSet
15
0 21
128 129 0 115 119 0 105 109 0 89 105 0 80 94 0 71 83 0 69 67 0 70 50 0 74 34 0 81 21 0 91 11 0 108 8 0 121 5 0 134 6 0 146 10 0 159 17 0 167 29 0 172 44 0 172 60 0 170 78 0 168 102 0 
1 5
168 102 0 160 117 0 152 129 0 142 132 0 128 129 0 
2 8
127 259 0 109 262 0 82 261 0 81 222 0 82 183 0 97 158 0 116 137 0 128 129 0 
3 5
260 228 0 242 253 0 198 255 0 172 260 0 127 259 0 
4 8
168 102 0 187 110 0 218 114 0 250 116 0 269 131 0 269 165 0 263 195 0 260 228 0 
5 5
260 228 0 262 242 0 257 256 0 256 274 0 256 294 0 
6 8
133 287 0 148 293 0 159 303 0 180 304 0 202 304 0 223 303 0 245 303 0 256 294 0 
7 3
133 287 0 133 273 0 127 259 0 
8 8
256 294 0 257 299 0 260 307 0 264 314 0 266 323 0 267 333 0 269 342 0 272 353 0 
9 8
272 353 0 253 371 0 226 381 0 198 390 0 163 392 0 135 401 0 105 396 0 102 372 0 
10 7
102 372 0 103 354 0 110 338 0 116 321 0 123 305 0 127 294 0 133 287 0 
11 7
102 372 0 96 373 0 92 376 0 89 380 0 86 384 0 84 391 0 84 405 0 
12 22
293 395 0 297 411 0 294 431 0 292 452 0 293 467 0 289 483 0 267 485 0 245 485 0 224 485 0 201 486 0 179 485 0 158 485 0 135 485 0 112 485 0 90 486 0 70 483 0 57 473 0 50 457 0 54 438 0 64 425 0 74 412 0 84 405 0 
13 22
84 405 0 87 414 0 97 423 0 104 434 0 115 441 0 127 447 0 140 452 0 153 457 0 163 463 0 172 472 0 190 472 0 204 476 0 222 476 0 239 475 0 251 469 0 261 461 0 267 454 0 273 444 0 277 434 0 281 422 0 286 406 0 293 395 0 
14 5
293 395 0 288 383 0 285 367 0 277 356 0 272 353 0 
IfSplit
10
1 1 1 1 1 1 1 1 1 1 
jpt
10
128 129 0 168 102 0 127 259 0 260 228 0 256 294 0 133 287 0 272 353 0 102 372 0 84 405 0 293 395 0 
Seqid
10
29 438 797 245 78 454 78 249 49 372 
splineid
10
0 3
0 1 2 
1 3
0 1 4 
2 3
2 3 7 
3 3
3 4 5 
4 3
5 6 8 
5 3
6 7 10 
6 3
8 9 14 
7 3
9 10 11 
8 3
11 12 13 
9 3
12 13 14 
