CircularSet
12
0 0 0 0 0 0 0 0 0 0 0 0 
ParaSet
12
0.15 0.15 0.15 0.15 0.15 0.8 0.205 0.15 0.15 0.25 0.25 0.8 
SeqSet
12
0 79
243 254 242 254 242 253 241 253 240 253 239 253 238 253 238 252 238 251 238 250 238 249 238 248 237 248 237 247 237 246 237 245 236 245 236 244 236 243 235 243 235 242 235 241 235 240 234 240 234 239 234 238 233 238 233 237 233 236 233 235 232 235 232 234 232 233 231 233 231 232 231 231 230 231 230 230 230 229 229 229 229 228 229 227 228 227 228 226 228 225 227 225 227 224 227 223 226 223 226 222 226 221 225 221 225 220 225 219 224 219 224 218 224 217 223 217 223 216 223 215 222 215 222 214 222 213 221 213 221 212 220 212 220 211 220 210 219 210 219 209 219 208 219 207 218 207 218 206 218 205 217 205 217 204 216 204 216 203 
1 307
216 203 216 202 215 202 215 201 215 200 214 200 214 199 214 198 213 198 213 197 213 196 212 196 212 195 212 194 212 193 211 193 211 192 211 191 210 191 210 190 210 189 210 188 210 187 209 187 209 186 208 186 208 185 208 184 208 183 207 183 207 182 207 181 206 181 206 180 206 179 206 178 205 178 205 177 205 176 205 175 204 175 203 175 204 175 204 174 204 173 204 172 204 171 203 171 203 170 203 169 203 168 203 167 202 167 202 166 202 165 202 164 202 163 201 163 201 162 201 161 201 160 201 159 201 158 201 157 200 157 199 157 198 157 197 157 197 156 197 155 197 154 197 153 197 152 197 151 197 150 198 150 198 149 198 148 198 147 198 146 198 145 198 144 198 143 198 142 198 141 198 140 198 139 198 138 198 137 198 136 198 135 198 134 199 134 199 133 199 132 199 131 199 130 199 129 199 128 199 127 200 127 200 126 200 125 200 124 200 123 200 122 201 122 201 121 201 120 202 120 202 119 202 118 203 118 204 118 205 118 205 117 205 116 206 116 206 115 207 115 207 114 207 113 208 113 208 112 208 111 209 111 209 110 210 110 210 109 210 108 211 108 211 107 212 107 212 106 213 106 213 105 214 105 214 104 215 104 215 103 216 103 217 103 217 102 218 102 218 101 219 101 219 100 220 100 220 99 221 99 222 99 222 98 223 98 223 97 224 97 225 97 225 96 226 96 226 95 227 95 228 95 229 95 230 95 231 95 232 95 233 95 234 95 235 95 236 95 237 95 238 95 239 95 240 95 241 95 241 96 242 96 243 96 243 97 244 97 245 97 245 98 246 98 247 98 248 98 249 98 249 99 249 100 250 100 250 101 250 102 251 102 252 102 253 102 254 102 255 102 256 102 257 102 258 102 259 102 259 103 260 103 261 103 262 103 263 103 264 103 265 103 266 103 267 103 268 103 269 103 270 103 270 104 270 105 269 105 269 106 269 107 268 107 268 108 268 109 268 110 269 110 269 111 270 111 270 112 270 113 271 113 271 114 272 114 272 115 272 116 273 116 273 117 273 118 274 118 274 119 275 119 275 120 275 121 276 121 276 122 277 122 277 123 277 124 278 124 278 125 278 126 279 126 279 127 280 127 280 128 280 129 281 129 281 130 281 131 282 131 282 132 282 133 283 133 283 134 283 135 284 135 284 136 284 137 285 137 285 138 285 139 286 139 286 140 286 141 286 142 287 142 287 143 287 144 287 145 288 145 288 146 288 147 288 148 289 148 289 149 289 150 289 151 290 151 290 152 290 153 290 154 290 155 290 156 290 157 290 158 291 158 291 159 291 160 291 161 291 162 291 163 291 164 291 165 291 166 291 167 291 168 291 169 291 170 291 171 291 172 291 173 291 174 
2 132
350 262 350 260 350 259 350 258 349 258 348 258 347 258 346 258 345 258 344 258 343 258 343 257 342 257 341 257 341 256 340 256 339 256 339 255 338 255 337 255 336 255 336 254 335 254 334 254 333 254 333 253 332 253 331 253 330 253 329 253 329 252 328 252 327 252 326 252 325 252 324 252 323 252 322 252 322 251 321 251 320 251 319 251 318 251 317 251 316 251 315 251 314 251 313 251 312 251 311 251 310 251 309 251 309 252 308 252 307 252 306 252 305 252 304 252 303 252 303 253 303 254 304 254 304 255 305 255 306 255 305 255 304 255 303 255 302 255 301 255 300 255 299 255 298 255 297 255 296 255 295 255 294 255 293 255 292 255 291 255 290 255 289 255 288 255 287 255 287 254 286 254 285 254 284 254 283 254 282 254 281 254 280 254 279 254 278 254 277 254 276 254 275 254 274 254 273 254 272 254 271 254 271 255 271 254 270 254 269 254 268 254 267 254 266 254 265 254 265 253 265 252 265 251 265 250 265 249 265 248 264 248 264 247 263 247 262 247 261 247 260 247 260 246 260 245 259 245 259 244 258 244 257 244 256 244 256 243 255 243 254 243 254 244 
3 310
291 174 291 175 291 176 292 176 293 176 294 176 295 176 295 175 296 175 296 174 296 173 297 173 297 172 298 172 298 171 299 171 299 170 300 170 300 169 301 169 301 168 302 168 302 167 303 167 304 167 304 166 305 166 305 165 306 165 306 164 307 164 308 164 308 163 309 163 309 162 310 162 310 161 311 161 312 161 312 160 313 160 314 160 314 159 315 159 315 158 316 158 317 158 317 157 318 157 319 157 320 157 320 156 321 156 322 156 322 155 323 155 324 155 325 155 325 154 326 154 327 154 327 153 328 153 329 153 330 153 330 152 331 152 332 152 333 152 334 152 334 151 335 151 336 151 337 151 337 150 338 150 339 150 340 150 341 150 342 150 343 150 344 150 344 149 345 149 346 149 347 149 348 149 349 149 350 149 351 149 352 149 353 149 354 149 355 149 356 149 357 149 358 149 358 150 359 150 360 150 361 150 362 150 363 150 363 151 364 151 365 151 366 151 367 151 368 151 368 152 369 152 370 152 371 152 372 152 372 153 373 153 374 153 375 153 375 154 376 154 377 154 377 155 378 155 379 155 379 156 380 156 381 156 381 157 382 157 383 157 383 158 384 158 385 158 385 159 386 159 387 159 388 159 388 160 389 160 390 160 391 160 391 161 392 161 393 161 393 162 394 162 394 163 395 163 395 164 396 164 396 165 396 166 396 167 396 168 397 168 397 169 397 170 397 171 398 171 398 172 398 173 398 174 398 175 398 176 398 177 398 178 398 179 398 180 398 181 398 182 398 183 397 183 396 183 396 184 396 185 396 186 396 187 397 187 397 188 397 189 398 189 398 190 398 191 398 192 398 193 398 194 398 195 398 196 398 197 398 198 398 199 398 200 398 201 398 202 398 203 398 204 398 205 397 205 397 206 397 207 397 208 396 208 396 209 396 210 396 211 395 211 395 212 395 213 395 214 394 214 394 215 394 216 393 216 393 217 393 218 392 218 392 219 392 220 391 220 391 221 391 222 391 223 390 223 390 224 390 225 389 225 389 226 389 227 388 227 388 228 387 228 387 229 387 230 386 230 386 231 385 231 385 232 384 232 384 233 384 234 383 234 383 235 382 235 382 236 381 236 381 237 380 237 380 238 379 238 379 239 378 239 378 240 377 240 377 241 376 241 376 242 375 242 375 243 374 243 374 244 373 244 372 244 372 245 371 245 371 246 370 246 370 247 369 247 369 248 368 248 367 248 367 249 366 249 366 250 365 250 364 250 364 251 363 251 362 251 362 252 361 252 361 253 360 253 359 253 359 254 358 254 357 254 357 255 356 255 355 255 355 256 354 256 353 256 352 256 352 257 351 257 350 257 350 258 349 258 348 258 348 259 347 259 346 259 346 260 347 260 347 261 348 261 348 262 349 262 350 262 
4 283
350 262 350 263 351 263 351 264 352 264 352 265 353 265 353 266 354 266 354 267 355 267 355 268 356 268 356 269 357 269 357 270 358 270 358 271 359 271 359 272 360 272 360 273 361 273 361 274 361 275 362 275 362 276 363 276 363 277 364 277 364 278 364 279 365 279 365 280 366 280 366 281 366 282 367 282 367 283 368 283 368 284 368 285 369 285 369 286 369 287 370 287 370 288 371 288 371 289 371 290 372 290 372 291 372 292 373 292 373 293 373 294 373 295 374 295 374 296 374 297 375 297 375 298 375 299 375 300 376 300 376 301 376 302 377 302 377 303 377 304 377 305 378 305 378 306 378 307 378 308 379 308 379 309 379 310 379 311 380 311 380 312 380 313 380 314 381 314 381 315 381 316 381 317 382 317 382 318 382 319 382 320 383 320 383 321 383 322 383 323 383 324 384 324 384 325 384 326 384 327 385 327 385 328 385 329 385 330 386 330 386 331 386 332 387 332 387 333 388 333 388 334 388 335 388 336 388 337 388 338 388 339 388 340 387 340 387 341 386 341 386 342 385 342 385 343 384 343 383 343 383 344 382 344 381 344 381 345 380 345 379 345 378 345 378 346 377 346 376 346 375 346 374 346 374 347 373 347 372 347 372 348 371 348 370 348 369 348 368 348 368 349 367 349 366 349 365 349 364 349 364 350 363 350 362 350 361 350 360 350 359 350 359 351 358 351 357 351 356 351 355 351 354 351 353 351 352 351 351 351 351 352 350 352 349 352 348 352 347 352 346 352 345 352 344 352 343 352 342 352 341 352 340 352 339 352 338 352 337 352 336 352 335 352 334 352 333 352 332 352 331 352 330 352 329 352 328 352 328 351 327 351 326 351 325 351 324 351 324 350 324 349 324 350 323 350 322 350 321 350 320 350 319 350 318 350 317 350 316 350 316 349 315 349 314 349 313 349 312 349 312 348 311 348 310 348 309 348 309 347 308 347 307 347 306 347 306 346 305 346 304 346 304 345 303 345 302 345 301 345 301 344 300 344 299 344 298 344 298 343 297 343 296 343 296 342 295 342 294 342 293 342 293 341 292 341 291 341 291 340 290 340 289 340 289 339 288 339 287 339 287 338 286 338 285 338 285 337 284 337 283 337 283 336 282 336 282 335 281 335 280 335 280 334 279 334 278 334 278 333 277 333 277 332 276 332 276 331 275 331 274 331 274 330 273 330 273 329 272 329 272 328 271 328 271 327 270 327 270 326 269 326 269 325 268 325 268 324 267 324 267 323 266 323 266 322 
5 25
243 254 243 256 243 255 243 254 243 253 243 252 243 251 244 251 244 250 244 249 245 249 245 248 246 248 247 248 248 248 249 248 250 248 251 248 251 247 251 246 252 246 252 245 253 245 253 244 253 243 
6 110
253 243 254 243 254 242 255 242 255 241 256 241 256 240 256 239 257 239 257 238 258 238 258 237 258 236 259 236 259 235 259 234 260 234 260 233 260 232 261 232 261 231 261 230 262 230 262 229 262 228 263 228 263 227 263 226 264 226 264 225 264 224 265 224 265 223 265 222 266 222 266 221 266 220 267 220 267 219 268 219 268 218 268 217 269 217 269 216 269 215 270 215 270 214 270 213 271 213 271 212 271 211 272 211 272 210 272 209 273 209 273 208 273 207 274 207 274 206 275 206 275 205 275 204 276 204 276 203 276 202 276 201 277 201 277 200 277 199 278 199 278 198 279 198 279 197 279 196 280 196 280 195 280 194 281 194 281 193 282 193 282 192 282 191 283 191 283 190 283 189 284 189 284 188 285 188 285 187 286 187 286 186 286 185 287 185 287 184 288 184 288 183 289 183 289 182 290 182 290 181 291 181 291 180 291 179 292 179 292 178 292 177 292 176 291 176 290 176 289 176 
7 268
266 322 267 320 266 320 266 321 265 321 264 321 263 321 263 322 263 323 262 323 262 324 262 325 261 325 261 326 261 327 260 327 260 328 259 328 259 329 259 330 258 330 258 331 257 331 257 332 257 333 256 333 256 334 255 334 255 335 254 335 254 336 253 336 253 337 253 338 252 338 252 339 251 339 251 340 250 340 250 341 249 341 249 342 248 342 248 343 247 343 247 344 246 344 246 345 245 345 245 346 244 346 244 347 243 347 243 348 242 348 241 348 241 348 241 349 241 350 240 350 240 351 239 351 239 352 238 352 238 353 237 353 237 354 236 354 236 355 235 355 235 356 234 356 234 357 233 357 233 358 232 358 232 359 231 359 231 360 230 360 230 361 229 361 229 362 228 362 228 363 227 363 226 363 226 364 225 364 225 365 224 365 224 366 223 366 223 367 222 367 221 367 221 368 220 368 220 369 219 369 218 369 218 370 217 370 217 371 216 371 215 371 215 372 214 372 213 372 212 372 211 372 210 372 209 372 209 371 208 371 207 371 207 370 206 370 205 370 205 369 204 369 203 369 203 368 202 368 202 367 201 367 201 366 200 366 200 365 199 365 199 364 198 364 198 363 197 363 197 362 196 362 195 362 195 361 194 361 194 360 193 360 193 359 193 358 192 358 192 357 191 357 191 356 190 356 190 355 189 355 189 354 188 354 188 353 187 353 187 352 187 351 186 351 186 350 185 350 185 349 184 349 184 348 184 347 183 347 183 346 182 346 182 345 182 344 181 344 181 343 180 343 180 342 180 341 179 341 179 340 178 340 178 339 178 338 177 338 177 337 177 336 176 336 176 335 176 334 175 334 175 333 175 332 174 332 174 331 174 330 173 330 173 329 173 328 172 328 172 327 172 326 172 325 171 325 171 324 171 323 171 322 171 321 170 321 170 320 170 319 170 318 170 317 169 317 169 316 169 315 169 314 169 313 169 312 169 311 168 311 168 310 168 309 168 308 168 307 168 306 168 305 168 304 169 304 169 303 169 302 169 301 169 300 169 299 169 298 170 298 170 297 170 296 170 295 170 294 171 294 171 293 171 292 172 292 172 291 172 290 172 289 173 289 173 288 174 288 174 287 175 287 175 286 176 286 176 285 177 285 177 284 177 283 178 283 178 282 179 282 179 281 180 281 180 280 181 280 181 279 182 279 182 278 183 278 183 277 184 277 184 276 185 276 185 275 
8 328
185 275 186 275 187 275 187 274 188 274 188 273 189 273 189 272 190 272 190 271 190 270 190 269 189 269 188 269 187 269 186 269 185 269 184 269 183 269 182 269 181 269 180 269 179 269 178 269 177 269 177 268 176 268 175 268 174 268 173 268 172 268 171 268 170 268 170 267 169 267 168 267 167 267 166 267 165 267 165 266 164 266 163 266 162 266 161 266 160 266 160 265 159 265 158 265 157 265 157 264 156 264 155 264 154 264 153 264 153 263 152 263 151 263 150 263 149 263 149 262 148 262 147 262 147 261 146 261 145 261 144 261 144 260 143 260 142 260 141 260 141 259 140 259 139 259 139 258 138 258 137 258 136 258 136 257 135 257 134 257 134 256 133 256 132 256 132 255 131 255 130 255 130 254 129 254 128 254 128 253 127 253 126 253 126 252 125 252 124 252 124 251 123 251 123 250 122 250 121 250 121 249 120 249 120 248 119 248 118 248 118 247 117 247 117 246 116 246 115 246 115 245 114 245 113 245 113 244 112 244 112 243 111 243 110 243 110 242 109 242 109 241 108 241 108 240 107 240 106 240 106 239 105 239 105 238 104 238 104 237 103 237 102 237 102 236 101 236 101 235 100 235 100 234 100 233 99 233 99 232 98 232 98 231 97 231 97 230 96 230 96 229 96 228 96 227 96 226 96 225 97 225 97 224 97 223 97 222 98 222 98 221 98 220 99 220 99 219 100 219 100 218 100 217 101 217 101 216 102 216 102 215 103 215 103 214 104 214 104 213 104 212 105 212 105 211 106 211 106 210 107 210 107 209 108 209 108 208 109 208 110 208 110 207 111 207 111 206 112 206 112 205 113 205 114 205 114 204 115 204 115 203 116 203 117 203 117 202 118 202 119 202 119 201 120 201 120 200 121 200 122 200 122 199 123 199 124 199 124 198 125 198 126 198 126 197 127 197 128 197 128 196 129 196 130 196 131 196 131 195 132 195 133 195 134 195 134 194 134 193 135 193 136 193 137 193 138 193 139 193 140 193 141 193 142 193 142 192 143 192 144 192 145 192 146 192 147 192 148 192 149 192 150 192 151 192 152 192 153 192 153 191 154 191 155 191 155 190 156 190 157 190 158 190 159 190 160 190 161 190 162 190 162 189 163 189 164 189 165 189 166 189 167 189 167 188 168 188 169 188 170 188 170 189 171 189 172 189 173 189 174 189 175 189 176 189 177 189 178 189 179 189 179 190 180 190 181 190 182 190 182 191 182 192 182 193 182 192 182 191 183 191 184 191 185 191 186 191 187 191 187 192 188 192 189 192 190 192 190 193 191 193 192 193 193 193 193 194 194 194 195 194 195 195 196 195 197 195 198 195 199 195 199 194 199 195 199 196 200 196 200 197 201 197 202 197 202 198 203 198 204 198 204 199 205 199 206 199 206 200 207 200 208 200 208 201 209 201 210 201 210 202 211 202 212 202 212 203 213 203 214 203 215 203 216 203 
9 123
255 267 256 267 255 267 254 267 253 267 254 267 254 266 254 265 254 264 253 264 253 263 252 263 252 262 252 261 251 261 250 261 250 260 249 260 248 260 247 260 246 260 246 261 246 262 246 263 246 264 247 264 247 265 248 265 248 266 248 267 248 268 248 269 247 269 247 270 247 271 246 271 245 271 245 270 244 270 244 269 243 269 242 269 241 269 241 268 240 268 239 268 239 267 239 266 239 265 239 264 239 263 238 263 238 262 238 263 237 263 236 263 235 263 234 263 233 263 232 263 231 263 230 263 229 263 228 263 227 263 226 263 225 263 225 264 224 264 223 264 222 264 221 264 220 264 219 264 219 265 218 265 217 265 216 265 216 266 216 266 215 266 214 266 213 266 212 266 211 266 211 267 210 267 209 267 208 267 207 267 207 268 206 268 205 268 204 268 203 268 202 268 201 268 201 269 200 269 199 269 198 269 197 269 196 269 195 269 194 269 193 269 192 269 191 269 190 269 190 270 190 271 190 272 189 272 189 273 188 273 188 274 187 274 187 275 186 275 185 275 184 275 184 274 185 275 
10 73
266 322 265 322 265 321 264 321 263 321 263 320 263 319 263 318 263 317 263 316 263 315 263 314 264 314 264 313 264 312 265 312 265 311 265 310 266 310 266 309 266 308 266 307 266 306 266 305 266 304 266 303 266 302 265 302 265 301 265 300 265 299 265 298 265 297 265 296 265 295 265 294 265 293 265 292 265 291 265 290 265 289 265 288 265 287 264 287 264 286 264 285 264 284 263 284 263 283 263 282 263 281 262 281 262 280 262 279 261 279 261 278 261 277 260 277 260 276 259 276 259 275 259 274 258 274 258 273 258 272 257 272 257 271 257 270 256 270 256 269 256 268 255 268 255 267 
11 25
255 267 255 266 254 266 254 265 254 264 253 264 253 263 252 263 252 262 252 261 251 261 250 261 250 260 249 260 248 260 247 260 246 260 245 260 244 260 243 260 243 259 243 258 243 257 243 256 243 255 
CtrlSeqSet
12
0 8
241 249 0 238 248 0 235 240 0 231 233 0 228 225 0 224 218 0 220 211 0 216 203 0 
1 8
216 203 0 204 171 0 199 134 0 215 104 0 249 98 0 273 116 0 288 147 0 293 178 0 
2 8
350 262 0 337 255 0 322 251 0 304 252 0 294 255 0 276 254 0 265 248 0 256 245 0 
3 8
293 178 0 317 158 0 354 149 0 392 162 0 398 193 0 387 228 0 364 251 0 350 262 0 
4 8
350 262 0 369 285 0 381 315 0 386 343 0 348 352 0 312 348 0 282 336 0 266 322 0 
5 2
241 249 0 256 245 0 
6 6
256 245 0 262 230 0 269 215 0 277 201 0 285 187 0 293 178 0 
7 8
266 322 0 249 341 0 230 361 0 210 371 0 184 349 0 171 322 0 172 289 0 192 270 0 
8 8
192 270 0 157 264 0 122 250 0 96 227 0 119 201 0 157 190 0 194 194 0 216 203 0 
9 5
241 263 0 237 266 0 220 266 0 207 268 0 192 270 0 
10 5
266 322 0 266 310 0 262 284 0 256 267 0 241 263 0 
11 2
241 265 0 241 249 0 
IfSplit
8
1 1 1 1 1 1 1 1 
jpt
8
241 249 0 293 178 0 216 203 0 266 322 0 350 262 0 256 245 0 192 270 0 241 263 0 
Seqid
8
952 264 78 591 309 24 267 72 
splineid
8
0 3
0 5 11 
1 3
1 3 6 
2 3
0 1 8 
3 3
4 7 10 
4 3
2 3 4 
5 3
2 5 6 
6 3
7 8 9 
7 3
9 10 11 
