CircularSet
9
0 0 0 0 0 0 0 0 0 
ParaSet
9
0.1 0.2 0.1 0.1 0.1 0.15 0.2 0.5 0.28 
SeqSet
9
0 311
190 270 188 269 187 269 186 269 185 269 184 269 183 269 182 269 181 269 180 269 179 269 178 269 177 269 177 268 176 268 175 268 174 268 173 268 172 268 171 268 170 268 170 267 169 267 168 267 167 267 166 267 165 267 165 266 164 266 163 266 162 266 161 266 160 266 160 265 159 265 158 265 157 265 157 264 156 264 155 264 154 264 153 264 153 263 152 263 151 263 150 263 149 263 149 262 148 262 147 262 147 261 146 261 145 261 144 261 144 260 143 260 142 260 141 260 141 259 140 259 139 259 139 258 138 258 137 258 136 258 136 257 135 257 134 257 134 256 133 256 132 256 132 255 131 255 130 255 130 254 129 254 128 254 128 253 127 253 126 253 126 252 125 252 124 252 124 251 123 251 123 250 122 250 121 250 121 249 120 249 120 248 119 248 118 248 118 247 117 247 117 246 116 246 115 246 115 245 114 245 113 245 113 244 112 244 112 243 111 243 110 243 110 242 109 242 109 241 108 241 108 240 107 240 106 240 106 239 105 239 105 238 104 238 104 237 103 237 102 237 102 236 101 236 101 235 100 235 100 234 100 233 99 233 99 232 98 232 98 231 97 231 97 230 96 230 96 229 96 228 96 227 96 226 96 225 97 225 97 224 97 223 97 222 98 222 98 221 98 220 99 220 99 219 100 219 100 218 100 217 101 217 101 216 102 216 102 215 103 215 103 214 104 214 104 213 104 212 105 212 105 211 106 211 106 210 107 210 107 209 108 209 108 208 109 208 110 208 110 207 111 207 111 206 112 206 112 205 113 205 114 205 114 204 115 204 115 203 116 203 117 203 117 202 118 202 119 202 119 201 120 201 120 200 121 200 122 200 122 199 123 199 124 199 124 198 125 198 126 198 126 197 127 197 128 197 128 196 129 196 130 196 131 196 131 195 132 195 133 195 134 195 134 194 134 193 135 193 136 193 137 193 138 193 139 193 140 193 141 193 142 193 142 192 143 192 144 192 145 192 146 192 147 192 148 192 149 192 150 192 151 192 152 192 153 192 153 191 154 191 155 191 155 190 156 190 157 190 158 190 159 190 160 190 161 190 162 190 162 189 163 189 164 189 165 189 166 189 167 189 167 188 168 188 169 188 170 188 170 189 171 189 172 189 173 189 174 189 175 189 176 189 177 189 178 189 179 189 179 190 180 190 181 190 182 190 183 190 183 191 184 191 185 191 186 191 187 191 187 192 188 192 189 192 190 192 190 193 191 193 192 193 193 193 193 194 194 194 195 194 195 195 196 195 197 195 197 196 198 196 199 196 200 196 200 197 201 197 202 197 202 198 203 198 204 198 204 199 205 199 206 199 206 200 207 200 208 200 208 201 209 201 210 201 210 202 211 202 212 202 212 203 213 203 214 203 214 204 215 204 215 205 
1 71
246 264 246 263 246 262 246 261 246 260 245 260 244 260 243 260 242 260 242 261 242 262 241 262 240 262 240 263 239 263 238 263 237 263 236 263 235 263 234 263 233 263 232 263 231 263 230 263 229 263 228 263 227 263 226 263 225 263 225 264 224 264 223 264 222 264 221 264 220 264 219 264 219 265 218 265 217 265 216 265 215 265 215 266 214 266 213 266 212 266 211 266 211 267 210 267 209 267 208 267 207 267 207 268 206 268 205 268 204 268 203 268 202 268 201 268 201 269 200 269 199 269 198 269 197 269 196 269 195 269 194 269 193 269 192 269 191 269 190 269 190 270 
2 273
190 270 190 271 190 272 189 272 189 273 188 273 188 274 187 274 187 275 186 275 185 275 185 276 184 276 184 277 183 277 183 278 182 278 182 279 181 279 181 280 180 280 180 281 179 281 179 282 178 282 178 283 177 283 177 284 177 285 176 285 176 286 175 286 175 287 174 287 174 288 173 288 173 289 172 289 172 290 172 291 172 292 171 292 171 293 171 294 170 294 170 295 170 296 170 297 170 298 169 298 169 299 169 300 169 301 169 302 169 303 169 304 168 304 168 305 168 306 168 307 168 308 168 309 168 310 168 311 169 311 169 312 169 313 169 314 169 315 169 316 169 317 170 317 170 318 170 319 170 320 170 321 171 321 171 322 171 323 171 324 171 325 172 325 172 326 172 327 172 328 173 328 173 329 173 330 174 330 174 331 174 332 175 332 175 333 175 334 176 334 176 335 176 336 177 336 177 337 177 338 178 338 178 339 178 340 179 340 179 341 180 341 180 342 180 343 181 343 181 344 182 344 182 345 182 346 183 346 183 347 184 347 184 348 184 349 185 349 185 350 186 350 186 351 187 351 187 352 187 353 188 353 188 354 189 354 189 355 190 355 190 356 191 356 191 357 192 357 192 358 193 358 193 359 193 360 194 360 194 361 195 361 195 362 196 362 197 362 197 363 198 363 198 364 199 364 199 365 200 365 200 366 201 366 201 367 202 367 202 368 203 368 203 369 204 369 205 369 205 370 206 370 207 370 207 371 208 371 209 371 209 372 210 372 211 372 212 372 213 372 214 372 215 372 215 371 216 371 217 371 217 370 218 370 218 369 219 369 220 369 220 368 221 368 221 367 222 367 223 367 223 366 224 366 224 365 225 365 225 364 226 364 226 363 227 363 228 363 228 362 229 362 229 361 230 361 230 360 231 360 231 359 232 359 232 358 233 358 233 357 234 357 234 356 235 356 235 355 236 355 236 354 237 354 237 353 238 353 238 352 239 352 239 351 240 351 240 350 241 350 241 349 242 349 242 348 243 348 243 347 244 347 244 346 245 346 245 345 246 345 246 344 247 344 247 343 248 343 248 342 249 342 249 341 250 341 250 340 251 340 251 339 252 339 252 338 253 338 253 337 253 336 254 336 254 335 255 335 255 334 256 334 256 333 257 333 257 332 257 331 258 331 258 330 258 329 259 329 259 328 260 328 260 327 261 327 261 326 261 325 262 325 262 324 262 323 263 323 263 322 263 321 263 320 263 319 
3 296
263 318 263 319 263 320 263 321 264 321 265 321 265 322 266 322 266 323 267 323 267 324 268 324 268 325 269 325 269 326 270 326 270 327 271 327 271 328 272 328 272 329 273 329 273 330 274 330 274 331 275 331 276 331 276 332 277 332 277 333 278 333 278 334 279 334 280 334 280 335 281 335 282 335 282 336 283 336 283 337 284 337 285 337 285 338 286 338 287 338 287 339 288 339 289 339 289 340 290 340 291 340 291 341 292 341 293 341 293 342 294 342 295 342 296 342 296 343 297 343 298 343 298 344 299 344 300 344 301 344 301 345 302 345 303 345 304 345 304 346 305 346 306 346 306 347 307 347 308 347 309 347 309 348 310 348 311 348 312 348 312 349 313 349 314 349 315 349 316 349 316 350 317 350 318 350 319 350 320 350 321 350 322 350 322 351 323 351 324 351 325 351 326 351 327 351 328 351 328 352 329 352 330 352 331 352 332 352 333 352 334 352 335 352 336 352 337 352 338 352 339 352 340 352 341 352 342 352 343 352 344 352 345 352 346 352 347 352 348 352 349 352 350 352 351 352 351 351 352 351 353 351 354 351 355 351 356 351 357 351 358 351 359 351 359 350 360 350 361 350 362 350 363 350 364 350 364 349 365 349 366 349 367 349 368 349 368 348 369 348 370 348 371 348 372 348 372 347 373 347 374 347 374 346 375 346 376 346 377 346 378 346 378 345 379 345 380 345 381 345 381 344 382 344 383 344 383 343 384 343 385 343 385 342 386 342 386 341 387 341 387 340 388 340 388 339 388 338 388 337 388 336 388 335 388 334 388 333 387 333 387 332 386 332 386 331 386 330 385 330 385 329 385 328 385 327 384 327 384 326 384 325 384 324 383 324 383 323 383 322 383 321 383 320 382 320 382 319 382 318 382 317 381 317 381 316 381 315 381 314 380 314 380 313 380 312 380 311 379 311 379 310 379 309 379 308 378 308 378 307 378 306 378 305 377 305 377 304 377 303 377 302 376 302 376 301 376 300 375 300 375 299 375 298 375 297 374 297 374 296 374 295 373 295 373 294 373 293 373 292 372 292 372 291 372 290 371 290 371 289 371 288 370 288 370 287 369 287 369 286 369 285 368 285 368 284 368 283 367 283 367 282 366 282 366 281 366 280 365 280 365 279 364 279 364 278 364 277 363 277 363 276 362 276 362 275 361 275 361 274 361 273 360 273 360 272 359 272 359 271 358 271 358 270 357 270 357 269 356 269 356 268 355 268 355 267 354 267 354 266 353 266 353 265 352 265 352 264 351 264 351 263 350 263 350 262 349 262 348 262 348 261 347 261 347 260 346 260 346 259 345 259 
4 123
345 259 345 258 344 258 343 258 343 257 342 257 341 257 341 256 340 256 339 256 339 255 338 255 337 255 336 255 336 254 335 254 334 254 333 254 333 253 332 253 331 253 330 253 329 253 329 252 328 252 327 252 326 252 325 252 324 252 323 252 322 252 322 251 321 251 320 251 319 251 318 251 317 251 316 251 315 251 314 251 313 251 313 252 312 252 311 252 310 252 309 252 308 252 307 252 306 252 305 252 304 252 303 252 302 252 301 252 300 252 299 252 298 252 297 252 296 252 295 252 295 253 294 253 293 253 292 253 291 253 290 253 289 253 288 253 287 253 286 253 285 253 285 254 284 254 283 254 282 254 281 254 280 254 279 254 278 254 277 254 276 254 275 254 274 254 273 254 272 254 271 254 270 254 269 254 269 253 269 254 268 254 267 254 267 255 266 255 265 255 264 255 263 255 262 255 261 255 260 255 259 255 258 255 257 255 257 256 256 256 255 256 255 257 254 257 253 257 253 258 252 258 252 259 251 259 251 260 250 260 249 260 248 260 247 260 246 260 246 261 246 262 246 263 246 264 
5 301
345 259 345 259 346 259 347 259 348 259 348 258 349 258 350 258 350 257 351 257 352 257 352 256 353 256 354 256 355 256 355 255 356 255 357 255 357 254 358 254 359 254 359 253 360 253 361 253 361 252 362 252 362 251 363 251 364 251 364 250 365 250 366 250 366 249 367 249 367 248 368 248 369 248 369 247 370 247 370 246 371 246 371 245 372 245 372 244 373 244 374 244 374 243 375 243 375 242 376 242 376 241 377 241 377 240 378 240 378 239 379 239 379 238 380 238 380 237 381 237 381 236 382 236 382 235 383 235 383 234 384 234 384 233 384 232 385 232 385 231 386 231 386 230 387 230 387 229 387 228 388 228 388 227 389 227 389 226 389 225 390 225 390 224 390 223 391 223 391 222 391 221 391 220 392 220 392 219 392 218 393 218 393 217 393 216 394 216 394 215 394 214 395 214 395 213 395 212 395 211 396 211 396 210 396 209 396 208 397 208 397 207 397 206 397 205 398 205 398 204 398 203 398 202 398 201 398 200 398 199 398 198 398 197 398 196 398 195 398 194 398 193 398 192 398 191 398 190 398 189 398 188 398 187 398 186 398 185 398 184 398 183 398 182 398 181 398 180 398 179 398 178 398 177 398 176 398 175 398 174 398 173 398 172 398 171 397 171 397 170 397 169 397 168 396 168 396 167 396 166 396 165 396 164 395 164 395 163 394 163 394 162 393 162 393 161 392 161 391 161 391 160 390 160 389 160 388 160 388 159 387 159 386 159 385 159 385 158 384 158 383 158 383 157 382 157 381 157 381 156 380 156 379 156 379 155 378 155 377 155 377 154 376 154 375 154 375 153 374 153 373 153 372 153 372 152 371 152 370 152 369 152 368 152 368 151 367 151 366 151 365 151 364 151 363 151 363 150 362 150 361 150 360 150 359 150 358 150 358 149 357 149 356 149 355 149 354 149 353 149 352 149 351 149 350 149 349 149 348 149 347 149 346 149 345 149 344 149 344 150 343 150 342 150 341 150 340 150 339 150 338 150 337 150 337 151 336 151 335 151 334 151 334 152 333 152 332 152 331 152 330 152 330 153 329 153 328 153 327 153 327 154 326 154 325 154 325 155 324 155 323 155 322 155 322 156 321 156 320 156 320 157 319 157 318 157 317 157 317 158 316 158 315 158 315 159 314 159 314 160 313 160 312 160 312 161 311 161 310 161 310 162 309 162 309 163 308 163 308 164 307 164 306 164 306 165 305 165 305 166 304 166 304 167 303 167 302 167 302 168 301 168 301 169 300 169 300 170 299 170 299 171 298 171 298 172 297 172 297 173 296 173 296 174 296 175 295 175 294 175 294 175 294 176 294 177 293 177 293 178 292 178 
6 389
244 251 243 251 243 252 243 253 242 253 241 253 240 253 239 253 238 253 238 252 238 251 238 250 238 249 238 248 237 248 237 247 237 246 237 245 236 245 236 244 236 243 235 243 235 242 235 241 235 240 234 240 234 239 234 238 233 238 233 237 233 236 233 235 232 235 232 234 232 233 231 233 231 232 231 231 230 231 230 230 230 229 229 229 229 228 229 227 228 227 228 226 228 225 227 225 227 224 227 223 226 223 226 222 226 221 225 221 225 220 225 219 224 219 224 218 224 217 223 217 223 216 223 215 222 215 222 214 222 213 221 213 221 212 220 212 220 211 220 210 219 210 219 209 219 208 219 207 218 207 218 206 218 205 217 205 217 204 216 204 216 203 216 202 215 202 215 201 215 200 214 200 214 199 214 198 213 198 213 197 213 196 212 196 212 195 212 194 212 193 211 193 211 192 211 191 210 191 210 190 210 189 210 188 209 188 209 187 209 186 208 186 208 185 208 184 208 183 207 183 207 182 207 181 206 181 206 180 206 179 206 178 205 178 205 177 205 176 205 175 204 175 204 174 204 173 204 172 204 171 203 171 203 170 203 169 203 168 203 167 202 167 202 166 202 165 202 164 202 163 201 163 201 162 201 161 201 160 201 159 201 158 201 157 200 157 199 157 198 157 197 157 197 156 197 155 197 154 197 153 197 152 197 151 197 150 198 150 198 149 198 148 198 147 198 146 198 145 199 145 199 145 198 145 198 144 198 143 198 142 198 141 198 140 198 139 198 138 198 137 198 136 198 135 198 134 199 134 199 133 199 132 199 131 199 130 199 129 199 128 199 127 200 127 200 126 200 125 200 124 200 123 200 122 201 122 201 121 201 120 202 120 202 119 202 118 203 118 204 118 205 118 205 117 205 116 206 116 206 115 207 115 207 114 207 113 208 113 208 112 208 111 209 111 209 110 210 110 210 109 210 108 211 108 211 107 212 107 212 106 213 106 213 105 214 105 214 104 215 104 215 103 216 103 217 103 217 102 218 102 218 101 219 101 219 100 220 100 220 99 221 99 222 99 222 98 223 98 223 97 224 97 225 97 225 96 226 96 226 95 227 95 228 95 229 95 230 95 231 95 232 95 233 95 234 95 235 95 236 95 237 95 238 95 239 95 240 95 241 95 241 96 242 96 243 96 244 96 245 96 246 96 247 96 248 96 248 97 248 98 249 98 250 98 251 98 252 98 253 98 254 98 255 98 256 98 257 98 257 99 257 100 257 101 258 101 258 102 259 102 260 102 261 102 262 102 262 103 263 103 264 103 264 104 264 105 265 105 265 106 265 107 266 107 267 107 268 107 268 108 268 109 269 109 269 110 269 111 270 111 270 112 270 113 271 113 271 114 272 114 272 115 272 116 273 116 273 117 273 118 274 118 274 119 275 119 275 120 275 121 276 121 276 122 277 122 277 123 277 124 278 124 278 125 278 126 279 126 279 127 280 127 280 128 280 129 281 129 281 130 281 131 282 131 282 132 282 133 283 133 283 134 283 135 284 135 284 136 284 137 285 137 285 138 285 139 286 139 286 140 286 141 286 142 287 142 287 143 287 144 287 145 288 145 288 146 288 147 288 148 289 148 289 149 289 150 289 151 290 151 290 152 290 153 290 154 290 155 290 156 290 157 290 158 291 158 291 159 291 160 291 161 291 162 291 163 291 164 291 165 291 166 291 167 291 168 291 169 291 170 291 171 291 172 291 173 291 174 291 175 291 176 292 176 292 177 292 178 
7 122
292 178 292 179 291 179 291 180 291 181 290 181 290 182 289 182 289 183 288 183 288 184 287 184 287 185 286 185 286 186 286 187 285 187 285 188 284 188 284 189 283 189 283 190 283 191 282 191 282 192 282 193 281 193 281 194 280 194 280 195 280 196 279 196 279 197 279 198 278 198 278 199 277 199 277 200 277 201 276 201 276 202 276 203 276 204 275 204 275 205 275 206 274 206 274 207 273 207 273 208 273 209 272 209 272 210 272 211 271 211 271 212 271 213 270 213 270 214 270 215 269 215 269 216 269 217 268 217 268 218 268 219 267 219 267 220 266 220 266 221 266 222 265 222 265 223 265 224 264 224 264 225 264 226 263 226 263 227 263 228 262 228 262 229 262 230 261 230 261 231 261 232 260 232 260 233 260 234 259 234 259 235 259 236 258 236 258 237 258 238 257 238 257 239 256 239 256 240 256 241 255 241 255 242 254 242 254 243 253 243 253 244 253 245 252 245 252 246 251 246 251 247 251 248 250 248 249 248 248 248 247 248 246 248 245 248 245 249 244 249 244 250 244 251 
8 109
244 251 243 251 243 252 243 253 243 254 243 255 243 256 243 257 243 258 243 259 243 260 244 260 245 260 246 260 247 260 248 260 249 260 250 260 250 261 251 261 251 262 251 263 246 264 247 264 248 264 246 262 246 261 246 260 247 260 248 260 249 260 250 260 250 261 251 261 252 261 252 262 252 263 253 263 253 264 254 264 254 265 254 266 255 266 255 267 255 268 256 268 256 269 256 270 257 270 257 271 257 272 258 272 258 273 258 274 259 274 259 275 259 276 260 276 260 277 261 277 261 278 261 279 262 279 262 280 262 281 263 281 263 282 263 283 263 284 264 284 264 285 264 286 264 287 265 287 265 288 265 289 265 290 265 291 265 292 265 293 265 294 265 295 265 296 265 297 265 298 265 299 265 300 265 301 265 302 266 302 266 303 266 304 266 305 266 306 266 307 266 308 266 309 266 310 265 310 265 311 265 312 264 312 264 313 264 314 263 314 263 315 263 316 263 317 263 318 
CtrlSeqSet
9
0 11
190 272 0 161 266 0 138 258 0 118 247 0 98 230 0 103 214 0 120 200 0 143 192 0 170 188 0 205 196 0 220 206 0 
1 6
242 263 0 239 263 0 225 263 0 214 266 0 202 268 0 190 272 0 
2 11
190 272 0 177 284 0 169 303 0 172 325 0 181 343 0 193 358 0 207 371 0 225 364 0 239 351 0 253 338 0 263 324 0 
3 11
263 324 0 277 333 0 296 343 0 318 350 0 345 352 0 370 348 0 388 337 0 381 315 0 373 294 0 362 276 0 352 261 0 
4 11
352 261 0 337 255 0 328 252 0 317 251 0 306 252 0 295 253 0 284 254 0 272 254 0 263 255 0 253 257 0 242 263 0 
5 8
352 261 0 374 244 0 395 211 0 394 162 0 363 151 0 342 149 0 307 164 0 294 177 0 
6 6
246 253 0 217 205 0 200 149 0 222 99 0 273 117 0 294 177 0 
7 3
294 177 0 269 216 0 246 253 0 
8 5
246 253 0 249 260 0 261 278 0 266 303 0 263 324 0 
IfSplit
6
1 1 1 1 1 1 
jpt
6
263 324 0 242 263 0 190 272 0 352 261 0 294 177 0 246 253 0 
Seqid
6
345 2 70 295 300 121 
splineid
6
0 3
2 3 8 
1 2
1 4 
2 3
0 1 2 
3 3
3 4 5 
4 3
5 6 7 
5 3
6 7 8 
