CircularSet
33
0 0 0 0 0 0 0 0 0 0 0 0 0 0 0 0 0 0 0 0 0 0 0 0 0 0 0 0 0 0 0 0 0 
ParaSet
33
0.05 0.35 0.05 0.05 0.05 0.05 0.05 0.05 0.35 0.05 0.05 0.05 0.35 0.35 0.35 0.35 0.35 0.35 0.35 0.35 0.35 0.05 0.05 0.05 0.05 0.05 0.05 0.05 0.05 0.05 0.05 0.05 0.05 
SeqSet
33
0 65
95 365 94 365 93 365 92 365 92 364 91 364 90 364 89 364 88 364 88 363 87 363 87 362 86 362 85 362 85 361 85 360 85 359 85 358 84 358 83 358 82 358 81 358 81 357 80 357 80 356 79 356 78 356 77 356 77 355 77 354 77 353 77 352 77 351 77 350 77 349 77 348 77 347 77 346 77 345 77 344 76 344 76 343 77 343 77 342 77 341 77 340 77 339 77 338 77 337 76 337 75 337 74 337 73 337 72 337 72 336 71 336 71 335 70 335 69 335 68 335 68 334 67 334 67 333 66 333 66 332 
1 60
401 314 402 314 402 315 402 316 401 316 400 316 400 317 400 318 401 318 402 318 402 319 402 320 402 321 401 321 401 322 400 322 399 322 399 323 399 324 399 325 398 325 398 326 397 326 397 327 397 328 396 328 396 329 395 329 394 329 394 330 394 331 394 332 393 332 392 332 391 332 391 333 391 334 391 335 391 336 390 336 389 336 389 337 388 337 387 337 387 338 386 338 386 339 386 340 386 341 386 342 385 342 385 343 384 343 384 344 383 344 383 345 382 345 382 346 382 347 382 348 
2 66
227 318 225 318 224 318 224 317 224 316 224 315 224 314 224 313 225 313 225 312 225 311 225 310 225 309 225 308 225 307 225 306 224 306 224 305 224 304 224 303 224 302 224 301 224 300 224 299 223 299 222 299 221 299 221 299 221 298 221 297 220 297 219 297 218 297 217 297 216 297 215 297 214 297 213 297 212 297 212 296 212 295 212 294 212 293 212 292 212 291 212 290 211 290 211 289 210 289 209 289 208 289 208 288 207 288 207 287 206 287 205 287 205 286 205 285 204 285 203 285 203 284 202 284 201 284 200 284 200 283 204 286 
3 78
282 316 281 315 282 315 283 315 284 315 284 316 285 316 286 316 286 315 287 315 287 314 288 314 289 314 290 314 290 313 290 312 290 311 290 310 290 309 290 308 290 307 290 306 291 306 291 305 292 305 292 304 292 303 292 302 292 301 291 301 291 300 290 300 289 300 288 300 288 299 288 299 289 299 290 299 290 298 290 299 290 300 291 300 291 301 292 301 293 301 294 301 294 300 295 300 295 299 296 299 296 298 296 297 297 297 298 297 299 297 299 296 300 296 301 296 302 296 303 296 303 295 303 294 303 293 303 292 303 291 303 290 303 289 303 288 303 287 304 287 304 286 304 285 304 284 304 283 304 282 304 281 304 280 304 281 
4 90
282 316 282 315 282 314 281 314 280 314 280 313 279 313 279 312 279 311 279 310 279 309 279 308 279 307 278 307 277 307 276 307 275 307 274 307 273 307 272 307 271 307 271 306 270 306 269 306 269 305 268 305 268 304 267 304 267 303 266 303 265 303 264 303 264 302 263 302 263 301 262 301 261 301 260 301 259 301 258 301 257 301 256 301 255 301 254 301 253 301 252 301 251 301 251 302 250 302 249 302 249 303 248 303 247 303 247 304 246 304 245 304 245 305 244 305 243 305 242 305 241 305 240 305 239 305 239 304 238 304 237 304 236 304 235 304 235 305 235 306 235 307 235 308 235 309 234 309 233 309 232 309 232 310 231 310 231 311 231 312 231 313 230 313 229 313 228 313 228 314 228 315 228 316 228 317 227 317 227 318 
5 69
401 313 401 312 401 311 400 311 400 310 400 309 399 309 399 308 399 307 399 306 398 306 397 306 396 306 395 306 394 306 393 306 392 306 392 307 391 307 390 307 390 306 390 305 390 304 389 304 388 304 387 304 387 303 387 302 387 301 387 300 387 299 386 299 385 299 384 299 384 298 384 297 383 297 383 296 382 296 382 295 381 295 380 295 379 295 378 295 378 296 377 296 376 296 375 296 374 296 374 295 373 295 373 294 372 294 371 294 370 294 369 294 368 294 368 293 367 293 366 293 365 293 364 293 363 293 363 292 363 291 362 291 361 291 360 291 360 290 
6 75
360 290 359 290 359 289 358 289 357 289 356 289 356 288 356 288 356 289 355 289 355 290 354 290 353 290 352 290 351 290 350 290 349 290 348 290 347 290 346 290 345 290 344 290 343 290 342 290 341 290 341 289 340 289 339 289 339 288 339 287 339 286 339 285 338 285 337 285 336 285 335 285 335 284 334 284 333 284 332 284 331 284 330 284 329 284 328 284 327 284 327 283 326 283 325 283 324 283 324 282 323 282 322 282 322 281 321 281 320 281 319 281 319 282 318 282 317 282 316 282 315 282 315 281 314 281 314 282 313 282 312 282 311 282 310 282 309 282 308 282 307 282 306 282 305 282 304 282 304 281 
7 79
350 337 351 338 351 337 351 336 351 335 351 334 351 333 352 333 352 332 353 332 353 331 353 330 353 329 353 328 353 327 353 326 352 326 352 325 352 324 351 324 350 324 350 323 350 322 351 322 351 321 352 321 353 321 353 320 353 319 353 318 353 318 354 318 354 317 354 316 355 316 355 315 355 314 355 313 354 313 354 312 354 311 354 310 355 310 355 309 355 308 355 307 354 307 354 306 354 305 353 305 353 304 352 304 352 303 352 302 352 301 351 301 351 300 351 299 351 298 351 297 351 296 352 296 352 295 352 294 352 293 352 292 352 291 352 290 353 290 354 290 355 290 355 289 356 289 357 289 358 289 359 289 359 288 360 288 360 290 
8 56
382 348 381 347 381 348 381 349 381 350 380 350 380 351 379 351 378 351 378 352 377 352 376 352 375 352 374 352 374 351 374 350 374 349 373 349 372 349 372 348 372 347 372 346 372 345 371 345 371 344 371 343 371 342 371 341 370 341 370 340 369 340 368 340 367 340 366 340 365 340 364 340 364 339 363 339 362 339 361 339 361 338 360 338 359 338 359 339 358 339 357 339 356 339 355 339 355 339 354 339 353 339 352 339 352 338 351 338 351 337 350 337 
9 69
161 350 159 345 159 344 159 343 159 342 159 341 159 340 158 340 157 340 157 339 156 339 155 339 155 338 154 338 154 337 154 336 154 335 154 334 154 333 154 332 154 331 154 330 154 329 153 329 153 328 153 327 153 326 152 326 152 325 151 325 151 324 151 323 151 322 151 321 151 320 151 319 150 319 149 319 148 319 148 320 148 319 148 318 148 317 147 317 146 317 146 316 146 315 146 314 146 313 146 312 146 311 146 310 146 309 146 308 147 308 147 307 147 306 147 305 147 304 147 303 146 303 145 303 144 303 144 302 144 301 144 300 144 299 144 298 145 298 
10 88
161 350 160 350 159 350 158 350 158 351 157 351 156 351 156 352 155 352 154 352 153 352 152 352 151 352 150 352 149 352 148 352 147 352 146 352 145 352 144 352 143 352 143 353 143 354 143 355 142 355 141 355 140 355 139 355 138 355 138 356 138 357 138 358 138 359 138 360 137 360 136 360 135 360 135 361 134 361 134 362 133 362 132 362 131 362 130 362 130 363 130 364 130 365 129 365 128 365 127 365 126 365 125 365 124 365 123 365 122 365 121 365 120 365 119 365 118 365 118 366 117 366 116 366 116 367 115 367 114 367 113 367 112 367 111 367 111 366 111 365 110 365 109 365 108 365 107 365 106 365 105 365 104 365 103 365 103 364 102 364 101 364 100 364 99 364 98 364 97 364 97 365 96 365 95 365 
11 80
204 286 204 287 204 288 204 289 203 289 203 290 202 290 202 291 201 291 200 291 199 291 198 291 197 291 196 291 195 291 194 291 193 291 192 291 192 290 191 290 191 289 190 289 190 288 189 288 188 288 188 287 187 287 186 287 185 287 184 287 184 288 184 289 183 289 183 290 183 291 183 292 182 292 181 292 180 292 180 293 179 293 178 293 177 293 176 293 175 293 174 293 173 293 172 293 171 293 170 293 169 293 168 293 167 293 166 293 165 293 164 293 163 293 162 293 161 293 160 293 159 293 159 294 158 294 158 295 157 295 156 295 155 295 154 295 153 295 152 295 152 296 151 296 150 296 149 296 148 296 148 297 147 297 147 298 146 298 145 298 
12 40
227 318 227 319 227 320 228 320 229 320 228 320 227 320 226 320 225 320 224 320 224 321 224 322 223 322 222 322 221 322 220 322 219 322 219 323 218 323 218 324 217 324 217 325 216 325 215 325 214 325 213 325 213 326 212 326 212 327 211 327 210 327 210 328 209 328 209 329 209 330 209 331 209 332 209 333 209 334 209 335 
13 82
209 335 208 335 208 336 208 337 208 336 207 336 206 336 205 336 204 336 203 336 202 336 201 336 200 336 200 337 199 337 199 338 199 339 199 340 198 340 197 340 196 340 195 340 195 341 195 342 195 343 196 343 197 343 196 343 195 343 194 343 194 342 193 342 192 342 192 343 191 343 191 344 190 344 189 344 188 344 188 345 187 345 186 345 185 345 184 345 184 346 184 347 184 348 183 348 183 349 182 349 182 350 181 350 181 351 180 351 179 351 178 351 177 351 177 350 176 350 176 349 175 349 174 349 174 348 173 348 173 347 172 347 172 346 171 346 170 346 170 347 169 347 169 348 168 348 168 349 167 349 166 349 165 349 164 349 164 350 163 350 162 350 161 350 
14 116
209 401 210 401 211 401 211 400 211 399 211 398 211 397 211 396 211 395 211 394 211 393 212 393 212 392 212 391 212 390 212 389 212 388 212 387 212 386 212 385 212 384 212 383 212 382 213 382 214 382 214 381 215 381 216 381 217 381 218 381 218 380 218 379 218 379 218 380 219 380 220 380 221 380 222 380 223 380 224 380 225 380 226 380 226 379 226 378 226 377 226 376 226 375 226 374 227 374 227 373 227 372 227 371 227 370 227 369 227 368 228 368 228 367 229 367 229 366 229 365 229 364 229 363 229 362 230 362 230 361 230 360 230 359 229 359 228 359 228 358 227 358 226 358 225 358 225 357 224 357 224 356 223 356 223 355 223 354 223 353 224 353 224 352 224 351 224 350 224 349 224 348 223 348 222 348 221 348 221 349 220 349 219 349 219 348 219 347 218 347 217 347 216 347 216 346 216 345 217 345 217 344 217 343 217 342 217 341 216 341 216 340 215 340 215 339 214 339 213 339 212 339 212 338 212 337 212 336 212 335 209 335 
15 181
209 401 209 400 209 399 208 399 207 399 206 399 206 398 206 397 205 397 205 396 204 396 203 396 203 395 202 395 201 395 200 395 200 394 199 394 198 394 197 394 196 394 195 394 194 394 193 394 192 394 191 394 191 393 190 393 189 393 188 393 187 393 186 393 186 392 185 392 185 391 184 391 183 391 183 392 183 393 182 393 181 393 181 394 180 394 180 395 179 395 179 396 178 396 178 397 177 397 177 398 177 399 176 399 176 400 175 400 174 400 173 400 172 400 171 400 170 400 169 400 168 400 167 400 166 400 165 400 164 400 163 400 162 400 162 401 161 401 161 402 161 403 160 403 159 403 158 403 157 403 156 403 156 402 156 401 156 400 156 399 155 399 154 399 153 399 152 399 151 399 151 398 150 398 149 398 150 398 151 398 151 397 151 396 150 396 150 395 150 394 150 393 149 393 148 393 147 393 146 393 145 393 144 393 143 393 143 392 142 392 142 391 141 391 141 390 141 389 140 389 139 389 138 389 137 389 136 389 136 388 135 388 134 388 133 388 132 388 131 388 130 388 129 388 128 388 127 388 127 387 126 387 125 387 124 387 123 387 122 387 121 387 120 387 119 387 118 387 117 387 116 387 116 386 116 385 116 384 116 383 116 382 116 381 116 380 116 379 116 378 115 378 115 377 115 376 114 376 113 376 112 376 112 375 111 375 110 375 109 375 109 374 109 373 108 373 108 372 108 371 108 370 108 369 108 368 108 367 107 367 106 367 106 366 106 365 105 365 104 365 103 365 103 364 102 364 101 364 100 364 99 364 98 364 97 364 97 365 96 365 95 365 
16 86
350 337 349 337 348 337 347 337 346 337 345 337 345 338 344 338 343 338 342 338 341 338 341 339 341 340 340 340 340 341 339 341 339 342 339 343 338 343 337 343 336 343 335 343 334 343 333 343 332 343 332 342 332 341 331 341 330 341 329 341 328 341 327 341 326 341 325 341 324 341 323 341 322 341 322 342 321 342 320 342 319 342 318 342 318 341 317 341 316 341 315 341 314 341 314 342 313 342 312 342 312 341 311 341 311 340 310 340 309 340 308 340 307 340 307 339 307 340 306 340 305 340 304 340 303 340 303 339 303 338 302 338 301 338 301 337 301 336 301 335 301 334 301 333 301 332 300 332 300 331 299 331 298 331 298 330 297 330 296 330 296 329 296 328 295 328 295 327 295 326 294 326 
17 23
294 326 293 326 292 326 291 326 290 326 289 326 288 326 287 326 286 326 286 325 286 324 285 324 285 323 284 323 284 322 283 322 282 322 282 321 282 320 282 319 282 318 282 317 282 316 
18 106
300 401 299 401 299 400 299 399 299 398 299 397 298 397 298 396 298 395 298 394 297 394 297 393 297 392 296 392 296 391 295 391 294 391 293 391 292 391 291 391 291 390 290 390 289 390 289 389 289 388 289 387 288 387 288 386 288 385 288 384 288 383 288 382 288 381 288 380 288 379 288 378 288 377 288 376 288 375 288 374 288 373 288 372 288 371 288 370 288 369 287 369 286 369 285 369 285 368 285 367 285 366 285 366 285 365 286 365 287 365 287 364 287 363 287 362 287 361 287 360 287 359 287 358 286 358 286 357 287 357 287 356 287 355 287 354 287 353 287 352 288 352 288 351 288 350 288 349 288 348 288 347 288 346 288 345 288 344 288 343 288 342 288 341 288 340 288 339 288 338 289 338 289 337 289 336 290 336 291 336 292 336 293 336 293 335 293 334 293 333 293 332 293 331 293 330 293 329 292 329 292 328 292 327 292 326 293 326 294 326 294 326 
19 143
382 348 382 349 381 349 381 350 380 350 380 351 379 351 378 351 378 352 378 353 378 354 378 355 378 356 377 356 377 357 376 357 376 358 375 358 375 359 375 360 375 361 375 362 375 363 375 364 374 364 373 364 372 364 371 364 371 365 370 365 370 366 370 367 369 367 369 368 368 368 367 368 366 368 366 369 365 369 364 369 363 369 363 370 363 371 362 371 361 371 360 371 360 372 359 372 359 373 358 373 357 373 357 374 356 374 356 375 355 375 355 376 355 377 355 378 354 378 353 378 352 378 352 379 351 379 351 380 350 380 349 380 349 381 348 381 347 381 346 381 345 381 344 381 343 381 342 381 341 381 341 382 341 383 340 383 339 383 339 384 338 384 338 385 337 385 336 385 335 385 334 385 334 386 333 386 333 387 332 387 331 387 331 386 330 386 330 385 329 385 328 385 327 385 326 385 325 385 324 385 323 385 322 385 321 385 320 385 319 385 318 385 317 385 316 385 315 385 315 386 315 387 314 387 314 388 314 389 314 390 314 391 313 391 312 391 311 391 310 391 310 390 309 390 309 389 308 389 307 389 306 389 306 390 305 390 305 391 304 391 303 391 302 391 301 391 300 391 299 391 298 391 297 391 297 392 296 392 295 392 294 392 294 393 294 394 
20 123
294 394 293 394 292 394 291 394 290 394 290 395 289 395 288 395 287 395 286 395 286 396 285 396 284 396 283 396 282 396 281 396 280 396 280 397 280 398 279 398 278 398 277 398 276 398 275 398 275 399 275 400 275 401 275 402 276 402 276 403 276 404 275 404 275 405 275 406 274 406 274 407 273 407 272 407 272 408 271 408 270 408 270 409 269 409 269 410 268 410 268 411 268 412 267 412 267 413 266 413 265 413 265 414 264 414 263 414 262 414 261 414 260 414 259 414 258 414 257 414 256 414 255 414 254 414 253 414 252 414 251 414 250 414 249 414 248 414 247 414 246 414 245 414 244 414 243 414 242 414 241 414 240 414 240 413 239 413 238 413 238 414 237 414 236 414 235 414 235 413 234 413 233 413 232 413 231 413 230 413 229 413 228 413 227 413 226 413 225 413 225 412 224 412 223 412 222 412 221 412 220 412 219 412 219 411 218 411 217 411 217 410 216 410 216 409 216 408 216 407 215 407 215 406 215 405 215 404 214 404 214 403 214 402 213 402 212 402 211 402 211 401 210 401 209 401 
21 194
66 331 66 330 66 329 66 328 66 327 65 327 64 327 63 327 62 327 63 327 64 327 65 327 65 326 65 325 65 324 65 323 65 322 65 321 65 320 64 320 64 319 63 319 62 319 62 318 62 317 61 317 61 316 60 316 59 316 59 315 58 315 57 315 56 315 55 315 54 315 53 315 52 315 51 315 50 315 50 314 50 313 50 312 50 311 50 310 50 309 50 308 50 307 50 306 50 305 50 304 50 303 50 302 50 301 50 300 50 299 50 298 49 298 49 297 48 297 47 297 46 297 45 297 44 297 43 297 42 297 42 296 42 295 42 294 42 293 42 292 42 291 42 290 42 289 42 288 42 287 42 286 42 285 41 285 41 284 41 283 41 282 41 281 41 280 41 279 41 278 41 277 41 276 41 275 41 274 41 273 41 272 40 272 39 272 38 272 38 271 37 271 36 271 35 271 34 271 33 271 33 270 33 269 33 268 33 267 33 266 33 265 33 264 33 263 33 262 32 262 31 262 30 262 30 261 30 260 30 259 30 258 30 257 30 256 29 256 30 256 30 255 30 254 30 253 30 252 30 251 30 250 30 249 30 248 30 247 30 246 30 245 30 244 30 243 30 242 30 241 30 240 29 240 28 240 28 239 28 238 28 237 28 236 28 235 28 234 28 233 28 232 28 231 28 230 28 229 28 228 28 227 28 226 28 225 28 224 28 223 28 222 28 221 28 220 28 219 28 218 28 217 28 216 28 215 28 214 28 213 28 212 28 211 28 210 28 209 28 208 28 207 28 206 28 205 28 204 28 203 28 202 28 201 28 200 28 199 28 198 28 197 28 196 29 196 29 195 30 195 31 195 31 194 32 194 32 193 32 192 33 192 33 191 33 190 33 189 
22 201
107 311 107 307 108 307 109 307 110 307 110 306 110 305 110 304 109 304 109 303 109 302 108 302 108 301 108 300 108 299 108 298 107 298 107 297 107 296 107 295 107 294 106 294 106 293 105 293 105 292 104 292 103 292 102 292 101 292 101 291 101 290 100 290 100 289 100 288 99 288 98 288 98 287 98 286 98 285 98 284 98 283 98 283 98 282 98 281 98 280 98 279 98 278 98 277 98 276 97 276 96 276 95 276 94 276 94 275 94 274 94 273 94 272 94 271 94 270 94 269 93 269 93 268 92 268 91 268 91 267 90 267 89 267 89 266 88 266 87 266 87 265 86 265 85 265 85 264 84 264 84 263 84 262 83 262 83 261 83 260 83 259 83 258 83 257 83 256 82 256 82 255 81 255 80 255 79 255 79 254 78 254 77 254 76 254 75 254 75 253 75 252 74 252 74 251 73 251 73 250 72 250 71 250 71 249 70 249 70 248 69 248 68 248 67 248 67 247 66 247 66 246 66 245 66 244 66 243 66 242 66 241 65 241 64 241 64 240 64 239 64 238 64 237 64 236 64 235 64 234 64 233 64 232 64 231 64 230 64 229 64 228 64 227 64 226 64 225 64 224 63 224 62 224 62 223 61 223 60 223 60 222 59 222 59 221 58 221 57 221 56 221 55 221 55 220 55 219 55 218 55 217 54 217 53 217 53 216 52 216 51 216 50 216 50 215 49 215 49 214 49 213 49 212 49 211 49 210 48 210 48 209 48 208 48 207 48 206 48 205 48 204 48 203 48 202 48 201 48 200 48 199 47 199 47 198 47 197 46 197 45 197 44 197 43 197 42 197 42 196 41 196 41 195 41 194 41 193 41 192 40 192 39 192 38 192 38 191 38 190 38 189 38 188 38 187 37 187 36 187 33 189 
23 60
145 298 144 298 144 299 144 300 143 300 142 300 142 301 141 301 140 301 139 301 139 302 139 303 138 303 138 304 137 304 136 304 135 304 134 304 133 304 132 304 132 303 131 303 130 303 130 302 129 302 128 302 128 301 127 301 126 301 126 302 125 302 125 303 125 304 124 304 123 304 123 305 122 305 121 305 120 305 119 305 118 305 118 306 117 306 117 307 117 306 116 306 115 306 114 306 113 306 112 306 111 306 111 307 111 308 110 308 110 309 110 310 109 310 108 310 107 310 107 311 
24 69
107 311 106 311 106 312 105 312 104 312 103 312 102 312 101 312 100 312 100 313 99 313 98 313 97 313 96 313 96 314 96 315 96 316 96 317 96 318 96 319 95 319 94 319 93 319 92 319 92 320 92 321 91 321 90 321 89 321 88 321 87 321 87 320 86 320 85 320 85 319 84 319 83 319 82 319 81 319 81 318 80 318 79 318 78 318 77 318 76 318 75 318 74 318 73 318 72 318 71 318 71 319 70 319 69 319 68 319 67 319 67 320 66 320 66 321 66 322 66 323 66 324 66 325 66 326 66 327 66 328 67 328 67 329 67 330 66 331 
25 45
227 271 226 271 225 271 225 272 224 272 223 272 223 273 223 274 223 275 223 276 222 276 221 276 221 277 221 278 221 279 220 279 219 279 219 280 218 280 218 281 218 282 217 282 216 282 215 282 215 283 214 283 213 283 213 282 212 282 212 281 211 281 210 281 209 281 208 281 207 281 207 282 207 283 206 283 207 283 207 284 207 285 206 285 205 285 204 285 204 286 
26 307
63 130 63 129 63 130 63 131 63 132 63 133 63 134 63 135 63 136 63 137 64 137 65 137 66 137 67 137 68 137 69 137 70 137 71 137 72 137 73 137 74 137 74 138 74 139 75 139 75 140 75 141 76 141 77 141 78 141 79 141 80 141 81 141 82 141 83 141 84 141 85 141 86 141 87 141 88 141 88 142 89 142 89 143 90 143 90 144 91 144 92 144 93 144 94 144 95 144 96 144 96 145 97 145 98 145 98 146 99 146 100 146 100 147 101 147 102 147 103 147 104 147 104 148 104 149 104 150 104 151 104 152 104 153 105 153 105 154 106 154 106 155 107 155 108 155 108 156 109 156 110 156 111 156 111 157 112 157 112 158 113 158 114 158 115 158 116 158 116 159 116 159 117 159 118 159 119 159 119 160 119 161 120 161 120 162 120 163 120 164 121 164 122 164 123 164 124 164 124 165 125 165 125 166 126 166 127 166 128 166 128 167 128 168 128 169 128 170 129 170 130 170 131 170 132 170 133 170 134 170 134 171 134 172 134 173 135 173 136 173 136 174 137 174 137 175 138 175 139 175 139 176 140 176 141 176 142 176 142 177 143 177 143 178 144 178 144 179 145 179 145 180 145 181 146 181 147 181 148 181 149 181 150 181 150 182 151 182 151 183 151 184 152 184 153 184 153 185 154 185 154 186 155 186 155 187 156 187 157 187 158 187 159 187 159 188 160 188 160 189 160 190 161 190 161 191 161 192 162 192 162 193 163 193 164 193 164 194 165 194 166 194 166 195 167 195 167 196 168 196 169 196 169 197 170 197 171 197 172 197 173 197 174 197 175 197 176 197 177 197 178 197 179 197 179 198 180 198 181 198 181 199 182 199 183 199 183 200 183 201 184 201 185 201 186 201 187 201 187 200 188 200 189 200 190 200 190 201 191 201 191 202 191 203 191 204 191 205 192 205 192 206 192 207 193 207 194 207 195 207 195 208 196 208 196 209 197 209 197 210 198 210 198 211 199 211 199 212 199 213 199 214 199 215 199 216 199 217 199 218 199 219 200 219 200 220 200 221 201 221 202 221 203 221 204 221 204 222 204 223 205 223 205 224 206 224 206 225 206 226 206 227 207 227 207 228 207 229 208 229 208 230 208 231 207 231 207 232 207 233 207 234 207 235 207 236 207 237 207 238 207 239 207 240 207 241 207 242 207 243 208 243 208 244 208 245 208 246 208 247 209 247 209 248 210 248 210 249 210 250 211 250 211 251 212 251 212 252 212 253 212 254 212 255 213 255 213 256 214 256 214 257 215 257 215 258 215 259 215 260 216 260 217 260 217 261 217 262 218 262 218 263 219 263 220 263 221 263 222 263 222 264 223 264 223 265 223 266 224 266 225 266 227 271 
27 90
33 189 33 188 33 187 33 186 33 185 33 184 34 184 34 183 35 183 36 183 37 183 37 182 37 181 37 180 38 180 38 179 39 179 39 178 39 177 39 176 39 175 40 175 40 174 41 174 42 174 43 174 44 174 45 174 46 174 47 174 48 174 49 174 49 173 49 172 49 171 50 171 50 170 50 169 50 168 50 167 50 166 50 165 50 164 50 163 50 162 50 161 50 160 50 159 50 158 50 157 50 156 50 155 50 154 50 153 50 152 50 151 50 150 50 149 50 148 51 148 51 147 52 147 52 146 53 146 53 145 54 145 54 144 55 144 56 144 56 143 57 143 58 143 59 143 60 143 61 143 62 143 63 143 63 142 63 141 63 140 63 139 63 138 63 137 63 136 63 135 63 134 63 133 63 132 63 131 63 130 
28 46
304 281 304 280 303 280 302 280 302 279 301 279 300 279 299 279 299 278 298 278 298 277 297 277 296 277 295 277 294 277 293 277 293 276 293 275 293 274 292 274 292 273 292 272 292 271 291 271 290 271 289 271 289 270 288 270 287 270 286 270 286 269 286 268 285 268 284 268 283 268 283 269 282 269 281 269 280 269 279 269 279 268 279 267 279 266 279 265 278 265 277 265 
29 75
277 265 277 264 276 264 275 264 275 263 274 263 274 264 273 264 272 264 272 263 271 263 270 263 269 263 268 263 267 263 266 263 265 263 264 263 263 263 262 263 262 264 261 264 260 264 259 264 259 263 258 263 258 262 257 262 256 262 255 262 254 262 253 262 252 262 252 263 252 264 253 264 252 264 252 263 251 263 251 262 250 262 249 262 249 263 248 263 247 263 246 263 245 263 244 263 244 262 243 262 242 262 242 263 241 263 240 263 239 263 239 264 239 265 238 265 237 265 236 265 236 266 235 266 234 266 234 267 234 268 234 269 233 269 232 269 231 269 231 270 231 271 230 271 229 271 228 271 227 271 
30 270
441 188 440 190 439 190 438 190 437 190 436 190 435 190 434 190 433 190 432 190 432 191 431 191 430 191 429 191 428 191 427 191 426 191 425 191 424 191 424 192 423 192 422 192 421 192 420 192 419 192 418 192 418 193 417 193 416 193 416 194 415 194 414 194 413 194 412 194 411 194 410 194 409 194 408 194 408 193 408 192 408 191 407 191 407 192 407 193 407 194 407 195 406 195 405 195 404 195 403 195 403 196 402 196 401 196 400 196 400 197 399 197 398 197 397 197 396 197 395 197 394 197 393 197 392 197 391 197 391 196 391 195 391 194 391 193 390 193 389 193 388 193 387 193 386 193 385 193 384 193 383 193 382 193 381 193 380 193 379 193 378 193 377 193 376 193 375 193 375 194 375 195 375 196 374 196 373 196 372 196 372 197 372 198 372 199 371 199 371 200 370 200 369 200 368 200 368 200 367 200 367 201 366 201 365 201 364 201 364 202 364 203 364 204 364 205 364 206 363 206 362 206 361 206 361 207 360 207 360 208 360 209 360 210 360 211 359 211 358 211 357 211 356 211 355 211 354 211 354 212 354 213 353 213 352 213 351 213 350 213 349 213 348 213 347 213 346 213 345 213 344 213 343 213 342 213 341 213 340 213 340 212 340 211 339 211 339 210 339 209 338 209 338 208 337 208 336 208 335 208 334 208 333 208 333 209 332 209 331 209 330 209 330 210 330 211 329 211 329 212 328 212 328 213 328 214 328 215 327 215 327 216 327 217 326 217 326 218 326 219 326 220 325 220 324 220 323 220 323 221 323 222 323 223 323 224 323 225 323 226 323 227 323 228 323 229 322 229 322 230 322 231 321 231 321 232 320 232 319 232 318 232 317 232 316 232 315 232 314 232 313 232 313 233 313 234 313 235 312 235 311 235 310 235 309 235 308 235 307 235 306 235 305 235 304 235 303 235 302 235 301 235 300 235 300 236 299 236 299 237 298 237 298 238 298 239 298 240 297 240 296 240 296 241 296 242 296 243 296 244 295 244 295 245 295 246 294 246 294 247 293 247 293 248 292 248 292 249 292 250 292 251 292 252 292 253 292 254 292 255 291 255 291 256 290 256 290 257 290 258 289 258 289 259 289 260 289 261 288 261 288 262 288 263 287 263 287 264 287 265 286 265 286 266 285 266 285 267 284 267 283 267 282 267 281 267 280 267 279 267 279 266 279 265 278 265 277 265 277 265 
31 667
63 130 63 129 63 128 64 128 64 127 65 127 65 126 66 126 67 126 68 126 69 126 69 125 70 125 71 125 71 124 72 124 72 123 72 122 73 122 74 122 75 122 76 122 76 121 76 120 77 120 77 119 77 118 77 117 77 116 77 115 77 114 78 114 78 113 79 113 79 112 79 111 79 110 79 109 79 108 79 107 79 106 80 106 80 105 81 105 81 104 80 104 81 104 82 104 83 104 84 104 85 104 86 104 87 104 88 104 88 103 88 102 88 101 88 100 88 99 88 98 89 98 90 98 91 98 91 97 92 97 92 96 93 96 94 96 95 96 95 95 96 95 96 94 97 94 98 94 99 94 99 93 99 92 99 91 99 90 99 89 99 88 99 87 99 86 99 85 99 84 99 83 99 82 99 81 99 80 99 79 100 79 101 79 102 79 103 79 103 78 103 77 104 77 104 76 105 76 106 76 106 75 107 75 107 74 107 73 108 73 109 73 110 73 111 73 112 73 113 73 114 73 114 72 115 72 116 72 117 72 118 72 118 71 118 70 118 69 118 68 118 67 118 66 118 65 118 64 119 64 120 64 121 64 122 64 123 64 124 64 125 64 126 64 127 64 127 63 128 63 128 62 129 62 130 62 131 62 132 62 133 62 134 62 135 62 135 61 135 60 135 59 135 58 135 57 135 56 135 55 136 55 136 54 137 54 137 53 138 53 139 53 140 53 140 52 141 52 142 52 143 52 143 51 144 51 145 51 146 51 147 51 148 51 148 50 148 49 149 49 149 48 150 48 151 48 151 47 152 47 153 47 154 47 155 47 156 47 157 47 158 47 159 47 160 47 160 46 160 45 160 44 160 43 160 42 161 42 162 42 163 42 164 42 165 42 166 42 166 41 167 41 167 40 168 40 169 40 169 39 169 38 169 37 169 36 169 35 170 35 171 35 172 35 172 34 172 33 172 32 173 32 174 32 175 32 176 32 177 32 178 32 179 32 180 32 181 32 182 32 183 32 184 32 185 32 186 32 187 32 188 32 189 32 189 31 189 30 189 29 189 28 189 27 189 26 189 25 189 24 190 24 191 24 192 24 193 24 194 24 195 24 196 24 197 24 198 24 199 24 200 24 201 24 202 24 203 24 204 24 205 24 206 24 207 24 208 24 208 23 209 23 210 23 211 23 212 23 213 23 214 23 215 23 216 23 217 23 218 23 219 23 220 23 220 24 221 24 222 24 223 24 224 24 224 23 225 23 226 23 227 23 228 23 229 23 230 23 231 23 232 23 232 24 233 24 234 24 235 24 236 24 237 24 238 24 239 24 240 24 240 23 241 23 242 23 243 23 244 23 245 23 246 23 247 23 248 23 249 23 249 24 250 24 251 24 252 24 253 24 254 24 255 24 256 24 257 24 258 24 259 24 260 24 261 24 262 24 263 24 264 24 265 24 266 24 266 25 266 26 266 27 266 28 267 28 268 28 269 28 269 29 269 30 269 31 270 31 271 31 272 31 272 32 273 32 274 32 275 32 276 32 277 32 278 32 279 32 280 32 281 32 282 32 283 32 284 32 285 32 286 32 287 32 288 32 289 32 290 32 291 32 291 33 291 34 291 35 291 36 292 36 293 36 294 36 295 36 296 36 297 36 298 36 299 36 299 37 300 37 300 38 300 39 301 39 302 39 303 39 304 39 305 39 306 39 307 39 308 39 309 39 310 39 311 39 312 39 312 40 313 40 314 40 315 40 315 41 316 41 316 42 317 42 318 42 319 42 320 42 321 42 322 42 323 42 323 43 323 44 324 44 324 45 324 46 324 47 325 47 326 47 327 47 327 48 328 48 329 48 330 48 331 48 332 48 333 48 334 48 335 48 336 48 336 49 336 50 336 51 337 51 338 51 338 52 338 53 338 54 338 55 339 55 340 55 341 55 342 55 343 55 343 56 344 56 344 57 344 58 344 59 345 59 345 60 346 60 347 60 348 60 349 60 350 60 351 60 352 60 353 60 354 60 355 60 355 61 355 62 355 63 356 63 357 63 358 63 359 63 359 64 359 65 359 66 359 67 359 68 360 68 361 68 362 68 363 68 364 68 365 68 366 68 366 69 366 70 366 71 366 72 366 73 366 74 367 74 367 75 367 76 368 76 368 77 369 77 370 77 371 77 372 77 373 77 374 77 375 77 376 77 376 78 376 79 376 80 376 81 376 82 377 82 378 82 379 82 380 82 381 82 382 82 383 82 384 82 385 82 385 83 386 83 387 83 387 84 387 85 387 86 387 87 388 87 389 87 390 87 390 88 391 88 391 89 391 90 391 91 392 91 393 91 393 92 393 93 393 94 393 95 393 96 394 96 394 97 394 98 395 98 395 99 395 100 395 101 395 102 395 103 396 103 396 104 397 104 397 105 398 105 399 105 399 106 399 107 399 108 399 109 399 110 399 111 400 111 400 112 401 112 401 113 401 114 401 115 402 115 403 115 404 115 405 115 406 115 406 116 406 117 406 118 407 118 407 119 408 119 409 119 410 119 410 120 411 120 412 120 413 120 414 120 415 120 415 121 415 122 415 123 415 124 415 125 415 126 415 127 416 127 416 128 416 129 416 130 416 131 416 132 417 132 418 132 417 132 416 132 416 133 416 134 416 135 416 136 416 137 416 138 416 139 416 140 416 141 416 142 416 143 416 144 416 145 416 146 417 146 418 146 419 146 419 147 419 148 419 149 419 150 420 150 421 150 422 150 423 150 423 151 424 151 425 151 425 152 426 152 427 152 427 153 427 154 427 155 427 156 426 156 426 157 425 157 425 158 424 158 424 159 424 160 424 161 424 162 424 163 424 164 424 165 424 166 424 167 424 168 425 168 426 168 427 168 428 168 429 168 430 168 431 168 432 168 433 168 434 168 435 168 435 169 435 170 435 171 435 172 435 173 435 174 435 175 435 176 435 177 435 178 436 178 436 179 436 180 436 181 436 182 437 182 438 182 439 182 439 183 440 183 440 184 441 184 441 185 441 186 441 187 441 188 
32 185
441 188 441 189 442 189 443 189 442 189 442 190 442 191 442 192 442 193 442 194 442 195 442 196 442 197 442 198 442 199 442 200 442 201 442 202 442 203 442 204 442 205 442 206 442 207 442 208 442 209 442 210 442 211 442 212 442 213 441 213 440 213 440 214 439 214 438 214 437 214 437 215 437 216 437 217 437 218 437 219 437 220 437 221 437 222 437 223 437 224 436 224 435 224 434 224 433 224 432 224 431 224 430 224 429 224 429 225 429 226 428 226 428 227 427 227 426 227 426 228 425 228 425 229 424 229 423 229 422 229 421 229 421 230 421 231 421 232 421 233 421 234 420 234 420 235 420 236 420 237 420 238 421 238 421 239 422 239 422 240 422 241 422 242 423 242 423 243 423 244 423 245 423 246 423 247 423 248 423 249 423 250 423 251 423 252 423 253 423 254 424 254 424 255 424 256 424 257 424 258 424 259 424 260 423 260 424 260 424 261 424 262 424 263 423 263 423 264 422 264 421 264 421 265 420 265 420 266 420 267 420 268 420 269 420 270 421 270 421 271 421 272 421 273 421 274 420 274 419 274 419 275 419 276 419 277 419 278 419 279 419 280 418 280 418 281 418 282 418 283 417 283 417 284 417 285 417 286 416 286 416 287 415 287 414 287 414 288 413 288 412 288 412 289 412 290 412 291 412 292 412 293 412 294 411 294 410 294 410 295 410 296 410 297 410 298 411 298 411 299 411 300 411 301 411 302 410 302 409 302 408 302 408 303 407 303 406 303 405 303 405 304 404 304 404 305 403 305 403 306 402 306 402 307 402 308 402 309 401 309 401 310 401 311 401 312 401 313 401 314 
CtrlSeqSet
33
0 20
95 365 0 92 365 0 90 364 0 88 363 0 86 362 0 85 360 0 84 358 0 81 358 0 80 356 0 77 356 0 77 353 0 77 350 0 77 347 0 77 344 0 77 343 0 77 340 0 77 337 0 74 337 0 72 336 0 66 332 0 
1 4
401 314 0 399 325 0 388 329 0 388 339 0 
2 20
226 318 0 224 317 0 224 314 0 225 312 0 225 309 0 225 306 0 224 304 0 224 301 0 223 299 0 221 299 0 220 297 0 217 297 0 214 297 0 212 296 0 212 293 0 212 290 0 210 289 0 208 288 0 206 287 0 204 286 0 
3 24
281 316 0 283 315 0 285 316 0 287 315 0 289 314 0 290 312 0 290 309 0 290 306 0 292 305 0 292 302 0 291 300 0 288 300 0 289 299 0 290 299 0 291 301 0 294 301 0 295 299 0 296 297 0 299 297 0 301 296 0 303 295 0 303 292 0 303 289 0 304 281 0 
4 21
282 316 0 280 314 0 279 311 0 279 307 0 275 307 0 271 307 0 269 305 0 267 303 0 264 302 0 261 301 0 257 301 0 253 301 0 250 302 0 247 303 0 245 305 0 241 305 0 238 304 0 235 305 0 235 309 0 232 310 0 227 318 0 
5 21
401 313 0 400 311 0 399 309 0 399 306 0 396 306 0 393 306 0 391 307 0 390 305 0 388 304 0 387 302 0 387 299 0 384 299 0 383 297 0 382 295 0 379 295 0 377 296 0 374 296 0 373 294 0 370 294 0 368 293 0 360 290 0 
6 23
360 290 0 358 289 0 356 288 0 355 289 0 353 290 0 350 290 0 347 290 0 344 290 0 341 290 0 339 289 0 339 286 0 337 285 0 335 284 0 332 284 0 329 284 0 327 283 0 324 283 0 322 282 0 320 281 0 318 282 0 315 282 0 314 282 0 304 281 0 
7 24
350 338 0 351 336 0 351 333 0 353 332 0 353 329 0 353 326 0 352 324 0 350 323 0 351 321 0 353 320 0 353 318 0 354 316 0 355 314 0 354 312 0 355 310 0 355 307 0 354 305 0 352 304 0 352 301 0 351 299 0 351 296 0 352 294 0 352 291 0 360 290 0 
8 4
388 339 0 372 348 0 362 339 0 350 337 0 
9 21
159 346 0 159 343 0 159 340 0 157 339 0 155 338 0 154 336 0 154 333 0 154 330 0 153 328 0 152 326 0 151 324 0 151 321 0 150 319 0 148 320 0 148 317 0 146 316 0 146 313 0 146 310 0 147 308 0 147 305 0 145 298 0 
10 21
161 350 0 158 351 0 155 352 0 151 352 0 147 352 0 143 352 0 142 355 0 138 355 0 138 359 0 135 360 0 133 362 0 130 363 0 128 365 0 124 365 0 120 365 0 117 366 0 114 367 0 111 366 0 108 365 0 104 365 0 95 365 0 
11 19
204 286 0 203 289 0 201 291 0 197 291 0 193 291 0 191 289 0 188 288 0 185 287 0 183 289 0 182 292 0 179 293 0 175 293 0 171 293 0 167 293 0 163 293 0 159 293 0 157 295 0 153 295 0 145 298 0 
12 4
227 318 0 222 322 0 213 326 0 209 335 0 
13 4
209 335 0 195 343 0 177 351 0 161 350 0 
14 4
209 401 0 225 380 0 224 353 0 209 335 0 
15 4
209 401 0 165 400 0 125 387 0 95 365 0 
16 4
350 337 0 328 341 0 305 340 0 294 326 0 
17 3
294 326 0 286 326 0 282 316 0 
18 4
300 401 0 288 376 0 288 348 0 294 326 0 
19 4
388 339 0 357 373 0 323 385 0 294 394 0 
20 4
294 394 0 269 410 0 233 413 0 209 401 0 
21 22
66 331 0 63 327 0 65 320 0 60 316 0 52 315 0 50 308 0 50 299 0 43 297 0 42 289 0 41 281 0 41 272 0 33 271 0 33 262 0 30 256 0 30 249 0 30 240 0 28 233 0 28 224 0 28 215 0 28 206 0 28 197 0 33 189 0 
22 21
106 307 0 109 302 0 107 294 0 101 290 0 98 283 0 96 276 0 93 269 0 87 265 0 83 259 0 78 254 0 72 250 0 66 246 0 64 238 0 64 228 0 60 222 0 55 217 0 49 213 0 48 204 0 45 197 0 40 192 0 33 189 0 
23 18
145 298 0 144 300 0 142 301 0 139 301 0 138 303 0 136 304 0 133 304 0 131 303 0 129 302 0 127 301 0 125 302 0 124 304 0 122 305 0 119 305 0 117 306 0 116 306 0 113 306 0 107 311 0 
24 21
107 311 0 105 312 0 102 312 0 100 313 0 97 313 0 96 315 0 96 318 0 94 319 0 92 320 0 90 321 0 87 321 0 85 320 0 83 319 0 81 318 0 78 318 0 75 318 0 72 318 0 70 319 0 67 319 0 66 321 0 66 331 0 
25 19
227 271 0 225 271 0 224 272 0 223 273 0 223 275 0 222 276 0 221 277 0 221 279 0 219 279 0 218 280 0 218 282 0 216 282 0 215 283 0 213 283 0 212 282 0 211 281 0 209 281 0 207 281 0 204 286 0 
26 21
62 129 0 69 137 0 80 141 0 92 144 0 104 147 0 110 156 0 119 161 0 128 167 0 136 174 0 145 180 0 154 186 0 162 193 0 173 197 0 184 201 0 192 206 0 199 214 0 205 223 0 207 234 0 209 247 0 214 257 0 227 271 0 
27 21
33 189 0 33 185 0 35 183 0 37 181 0 39 179 0 39 175 0 42 174 0 46 174 0 49 173 0 50 170 0 50 166 0 50 162 0 50 158 0 50 154 0 50 150 0 51 147 0 53 145 0 56 144 0 59 143 0 63 143 0 63 130 0 
28 19
304 281 0 303 280 0 302 279 0 300 279 0 299 278 0 298 277 0 296 277 0 294 277 0 293 276 0 293 274 0 292 273 0 292 271 0 290 271 0 289 270 0 287 270 0 286 269 0 285 268 0 283 268 0 277 265 0 
29 23
277 265 0 275 264 0 274 264 0 272 263 0 269 263 0 266 263 0 263 263 0 261 264 0 259 263 0 257 262 0 254 262 0 252 263 0 252 264 0 251 262 0 249 263 0 246 263 0 244 262 0 242 263 0 239 263 0 238 265 0 236 266 0 234 267 0 227 271 0 
30 21
440 189 0 429 191 0 418 193 0 408 192 0 401 196 0 391 195 0 380 193 0 372 198 0 364 202 0 360 211 0 349 213 0 339 210 0 330 210 0 326 219 0 323 229 0 313 232 0 303 235 0 296 241 0 292 250 0 289 260 0 277 265 0 
31 21
63 130 0 79 113 0 93 96 0 106 76 0 127 64 0 147 51 0 169 40 0 189 27 0 218 23 0 247 23 0 272 31 0 299 37 0 324 45 0 344 58 0 366 69 0 385 83 0 397 104 0 414 120 0 417 146 0 424 166 0 441 188 0 
32 21
441 188 0 442 194 0 442 203 0 442 212 0 437 216 0 436 224 0 429 226 0 423 229 0 420 235 0 422 242 0 423 250 0 424 258 0 423 264 0 420 270 0 419 276 0 417 283 0 413 288 0 410 294 0 411 302 0 404 304 0 401 314 0 
IfSplit
22
1 1 1 1 1 1 1 1 1 1 1 1 1 1 1 1 1 1 1 1 1 1 
jpt
22
66 331 0 401 314 0 95 365 0 388 339 0 204 286 0 227 318 0 304 281 0 282 316 0 360 290 0 350 337 0 161 350 0 145 298 0 209 335 0 209 401 0 294 326 0 294 394 0 33 189 0 107 311 0 227 271 0 63 130 0 277 265 0 441 188 0 
Seqid
22
1373 805 503 59 305 251 142 162 68 55 120 79 39 264 85 142 193 59 119 89 45 666 
splineid
22
0 3
0 21 24 
1 3
1 5 32 
2 3
0 10 15 
3 3
1 8 19 
4 3
2 11 25 
5 3
2 4 12 
6 3
3 6 28 
7 3
3 4 17 
8 3
5 6 7 
9 3
7 8 16 
10 3
9 10 13 
11 3
9 11 23 
12 3
12 13 14 
13 3
14 15 20 
14 3
16 17 18 
15 3
18 19 20 
16 3
21 22 27 
17 3
22 23 24 
18 3
25 26 29 
19 3
26 27 31 
20 3
28 29 30 
21 3
30 31 32 
