CircularSet
11
0 0 0 0 0 0 0 0 0 0 0 
ParaSet
11
0.595238 0.265957 0.378788 0.373134 0.595238 0.694444 0.25641 0.806452 0.42735 0.331126 0.595238 
SeqSet
11
0 168
50 139 50 139 49 139 49 139 49 138 49 138 49 137 49 137 49 136 49 136 49 135 49 135 49 134 49 134 49 133 49 133 49 132 49 132 49 131 49 131 48 131 48 131 48 130 48 130 48 129 48 129 48 128 48 128 48 127 48 127 48 126 48 126 48 125 48 125 48 124 48 124 48 123 48 123 48 122 48 122 48 121 48 121 48 120 48 120 48 119 48 119 48 118 48 118 48 117 48 117 48 116 48 116 48 115 48 115 48 114 48 114 48 113 48 113 48 112 49 112 49 112 49 112 49 111 50 111 50 111 50 111 50 110 51 110 51 110 51 110 51 109 52 109 52 109 53 109 53 109 54 109 54 109 54 109 54 108 55 108 55 108 55 108 55 107 56 107 56 107 56 107 56 106 57 106 57 106 57 106 57 105 58 105 58 105 58 105 58 104 58 104 58 103 58 103 58 102 59 102 59 102 59 102 59 101 59 101 59 100 60 100 60 100 60 100 60 99 61 99 61 99 61 99 61 98 61 98 61 97 62 97 62 97 62 97 62 96 62 96 62 95 63 95 63 95 63 95 63 94 63 94 63 93 64 93 64 93 64 93 64 92 65 92 65 92 65 92 65 91 65 91 65 90 66 90 66 90 66 90 66 89 66 89 66 88 66 88 66 87 67 87 67 87 67 87 67 86 67 86 67 85 67 85 67 84 67 84 67 83 67 83 67 82 67 82 67 81 67 81 67 80 67 80 67 79 67 79 67 78 67 78 67 77 68 77 
1 376
50 139 51 139 51 139 52 139 52 139 53 139 53 139 54 139 54 139 55 139 55 139 56 139 56 139 57 139 57 139 58 139 58 139 59 139 59 139 60 139 60 139 61 139 61 139 61 139 61 138 62 138 62 138 63 138 63 138 64 138 64 138 65 138 65 138 66 138 66 138 67 138 67 138 68 138 68 138 69 138 69 138 69 139 69 139 70 139 70 139 71 139 71 139 72 139 72 139 73 139 73 139 74 139 74 139 75 139 75 139 76 139 76 139 77 139 77 139 77 139 77 138 78 138 78 138 79 138 79 138 79 138 79 137 80 137 80 137 81 137 81 137 81 137 81 136 82 136 82 136 82 136 82 135 83 135 83 135 84 135 84 135 85 135 85 135 86 135 86 135 86 135 86 134 87 134 87 134 88 134 88 134 88 134 88 133 89 133 89 133 90 133 90 133 90 133 90 132 91 132 91 132 92 132 92 132 92 132 92 131 93 131 93 131 94 131 94 131 94 131 94 130 95 130 95 130 95 130 95 129 96 129 96 129 97 129 97 129 98 129 98 129 98 129 98 128 99 128 99 128 100 128 100 128 100 128 100 127 101 127 101 127 102 127 102 127 103 127 103 127 104 127 104 127 105 127 105 127 106 127 106 127 106 127 106 126 107 126 107 126 108 126 108 126 109 126 109 126 110 126 110 126 111 126 111 126 111 126 111 125 112 125 112 125 113 125 113 125 114 125 114 125 115 125 115 125 116 125 116 125 117 125 117 125 118 125 118 125 119 125 119 125 120 125 120 125 121 125 121 125 122 125 122 125 123 125 123 125 124 125 124 125 125 125 125 125 126 125 126 125 127 125 127 125 127 126 127 126 128 126 128 126 129 126 129 126 130 126 130 126 131 126 131 126 132 126 132 126 132 127 132 127 133 127 133 127 134 127 134 127 135 127 135 127 136 127 136 127 136 128 136 128 137 128 137 128 138 128 138 128 138 129 138 129 139 129 139 129 139 130 139 130 140 130 140 130 141 130 141 130 141 131 141 131 142 131 142 131 143 131 143 131 143 132 143 132 144 132 144 132 145 132 145 132 146 132 146 132 146 132 146 131 147 131 147 131 148 131 148 131 149 131 149 131 149 131 149 130 150 130 150 130 151 130 151 130 152 130 152 130 152 130 152 129 153 129 153 129 154 129 154 129 154 129 154 128 155 128 155 128 155 128 155 127 156 127 156 127 157 127 157 127 157 127 157 126 158 126 158 126 158 126 158 125 159 125 159 125 160 125 160 125 160 125 160 124 161 124 161 124 161 125 161 125 162 125 162 125 163 125 163 125 164 125 164 125 165 125 165 125 166 125 166 125 167 125 167 125 168 125 168 125 169 125 169 125 170 125 170 125 171 125 171 125 171 126 171 126 172 126 172 126 173 126 173 126 174 126 174 126 175 126 175 126 175 127 175 127 176 127 176 127 177 127 177 127 178 127 178 127 178 128 178 128 179 128 179 128 180 128 180 128 181 128 181 128 182 128 182 128 182 129 182 129 183 129 183 129 184 129 184 129 185 129 185 129 186 129 186 129 187 129 187 129 188 129 188 129 189 129 189 129 190 129 190 129 191 129 191 129 191 130 191 130 192 130 192 130 193 130 193 130 194 130 194 130 195 130 195 130 196 130 196 130 197 130 197 130 197 131 197 131 198 131 198 131 199 131 199 131 200 131 
2 264
50 139 50 140 50 140 50 140 49 140 49 141 49 141 49 142 49 142 49 143 49 143 49 143 48 143 48 144 48 144 48 145 48 145 48 146 48 146 48 146 47 146 47 147 47 147 47 148 47 148 47 149 47 149 47 150 47 150 47 151 47 151 47 151 46 151 46 152 46 152 46 153 46 153 46 153 45 153 45 154 45 154 45 155 45 155 45 155 44 155 44 156 44 156 44 157 44 157 44 157 43 157 43 158 43 158 43 158 42 158 42 159 42 159 42 160 42 160 42 160 41 160 41 161 41 161 41 162 41 162 41 162 40 162 40 163 40 163 40 164 40 164 40 165 40 165 40 166 40 166 40 167 40 167 40 168 40 168 40 169 40 169 40 170 40 170 40 171 40 171 40 172 40 172 40 173 40 173 40 174 40 174 40 175 40 175 40 176 40 176 40 177 40 177 40 178 40 178 40 179 40 179 40 180 40 180 40 181 40 181 41 181 41 181 41 182 41 182 41 183 41 183 41 184 41 184 41 185 41 185 41 186 41 186 41 187 41 187 41 188 41 188 41 189 41 189 41 190 41 190 41 191 41 191 41 192 41 192 41 193 41 193 41 194 41 194 41 195 41 195 42 195 42 195 42 196 42 196 43 196 43 196 43 197 43 197 44 197 44 197 44 198 44 198 45 198 45 198 45 199 45 199 46 199 46 199 46 200 46 200 47 200 47 200 47 201 47 201 48 201 48 201 49 201 49 201 49 202 49 202 50 202 50 202 51 202 51 202 51 203 51 203 52 203 52 203 52 204 52 204 53 204 53 204 53 205 53 205 54 205 54 205 55 205 55 205 55 206 55 206 55 207 55 207 56 207 56 207 57 207 57 207 57 208 57 208 57 209 57 209 58 209 58 209 58 210 58 210 59 210 59 210 59 211 59 211 60 211 60 211 60 212 60 212 60 213 60 213 61 213 61 213 61 214 61 214 62 214 62 214 62 215 62 215 62 216 62 216 63 216 63 216 63 217 63 217 63 218 63 218 63 219 63 219 64 219 64 219 64 220 64 220 64 221 64 221 64 222 64 222 64 223 64 223 64 224 64 224 64 225 64 225 65 225 65 225 65 226 65 226 65 227 65 227 65 228 65 228 65 229 65 229 66 229 66 229 66 230 66 230 66 231 66 231 67 231 67 231 67 232 67 232 68 232 68 232 68 233 
3 268
68 77 69 77 69 77 70 77 70 77 71 77 71 77 72 77 72 77 73 77 73 77 74 77 74 77 75 77 75 77 76 77 76 77 77 77 77 77 78 77 78 77 79 77 79 77 80 77 80 77 81 77 81 77 82 77 82 77 83 77 83 77 84 77 84 77 85 77 85 77 85 78 85 78 86 78 86 78 87 78 87 78 88 78 88 78 89 78 89 78 90 78 90 78 91 78 91 78 92 78 92 78 93 78 93 78 93 79 93 79 94 79 94 79 95 79 95 79 96 79 96 79 97 79 97 79 98 79 98 79 99 79 99 79 100 79 100 79 101 79 101 79 102 79 102 79 103 79 103 79 104 79 104 79 105 79 105 79 106 79 106 79 107 79 107 79 108 79 108 79 109 79 109 79 110 79 110 79 111 79 111 79 112 79 112 79 112 80 112 80 113 80 113 80 114 80 114 80 115 80 115 80 116 80 116 80 117 80 117 80 118 80 118 80 119 80 119 80 120 80 120 80 121 80 121 80 122 80 122 80 123 80 123 80 124 80 124 80 125 80 125 80 126 80 126 80 127 80 127 80 128 80 128 80 129 80 129 80 130 80 130 80 131 80 131 80 132 80 132 80 133 80 133 80 134 80 134 80 135 80 135 80 136 80 136 80 137 80 137 80 138 80 138 80 139 80 139 80 140 80 140 80 141 80 141 80 142 80 142 80 143 80 143 80 144 80 144 80 145 80 145 80 146 80 146 80 147 80 147 80 148 80 148 80 149 80 149 80 150 80 150 80 151 80 151 80 152 80 152 80 153 80 153 80 154 80 154 80 155 80 155 80 156 80 156 80 157 80 157 80 158 80 158 80 159 80 159 80 160 80 160 80 161 80 161 80 162 80 162 80 163 80 163 80 164 80 164 80 165 80 165 80 166 80 166 80 167 80 167 80 168 80 168 80 169 80 169 80 170 80 170 80 170 80 170 79 171 79 171 79 172 79 172 79 173 79 173 79 174 79 174 79 175 79 175 79 176 79 176 79 177 79 177 79 178 79 178 79 179 79 179 79 180 79 180 79 180 80 180 80 181 80 181 80 182 80 182 80 183 80 183 80 184 80 184 80 184 81 184 81 185 81 185 81 186 81 186 81 187 81 187 81 188 81 188 81 189 81 189 81 189 82 189 82 190 82 190 82 191 82 191 82 192 82 192 82 193 82 193 82 194 82 194 82 195 82 
4 168
68 77 68 77 68 76 68 76 67 76 67 76 67 75 67 75 67 74 67 74 67 73 67 73 66 73 66 73 66 72 66 72 66 71 66 71 66 70 66 70 66 69 66 69 66 68 66 68 66 67 66 67 66 66 66 66 66 65 66 65 66 64 67 64 67 64 67 64 67 63 67 63 67 62 67 62 67 61 67 61 67 60 67 60 67 59 67 59 67 58 67 58 67 57 67 57 67 56 68 56 68 56 68 56 68 55 68 55 68 54 68 54 68 53 68 53 68 52 68 52 68 51 68 51 68 50 68 50 68 49 68 49 68 48 68 48 68 47 68 47 68 46 68 46 68 45 68 45 68 44 68 44 68 43 68 43 68 42 68 42 68 41 68 41 68 40 68 40 68 39 68 39 68 38 68 38 68 37 68 37 68 36 68 36 68 35 68 35 68 34 68 34 68 33 68 33 68 32 68 32 68 31 68 31 68 30 68 30 68 29 68 29 68 28 68 28 68 27 68 27 68 26 68 26 68 25 68 25 68 24 68 24 68 23 68 23 68 22 68 22 68 21 68 21 68 20 68 20 68 19 68 19 68 18 68 18 68 17 68 17 68 16 68 16 68 15 69 15 69 15 69 15 69 14 69 14 69 13 69 13 69 12 69 12 69 11 69 11 69 10 69 10 69 9 69 9 69 8 69 8 69 7 69 7 69 6 69 6 69 5 69 5 68 5 68 5 68 4 68 4 68 3 68 3 68 2 68 2 68 1 68 1 68 0 68 0 
5 144
68 233 68 233 67 233 67 234 67 234 67 235 67 235 67 235 66 235 66 236 66 236 66 237 66 237 66 237 65 237 65 238 65 238 65 239 65 239 65 240 65 240 65 241 65 241 65 242 65 242 65 243 65 243 65 243 64 243 64 244 64 244 64 245 64 245 64 246 64 246 64 247 64 247 64 247 63 247 63 248 63 248 63 249 63 249 63 250 63 250 63 250 62 250 62 251 62 251 62 252 62 252 62 253 62 253 62 254 62 254 62 255 62 255 62 256 62 256 62 257 62 257 62 258 62 258 62 259 62 259 62 260 62 260 62 261 62 261 62 262 62 262 62 263 62 263 62 264 62 264 62 265 62 265 62 266 62 266 62 267 62 267 62 268 62 268 63 268 63 268 63 269 63 269 63 270 63 270 63 271 63 271 63 272 63 272 63 273 63 273 63 274 63 274 63 275 63 275 63 276 63 276 63 277 63 277 63 278 63 278 63 279 63 279 63 280 63 280 63 281 63 281 63 282 63 282 63 283 63 283 63 284 63 284 63 285 63 285 63 286 63 286 63 287 63 287 63 288 63 288 63 289 63 289 63 290 63 290 63 291 63 291 63 292 63 292 63 293 63 293 63 294 63 294 63 295 63 295 63 296 63 296 63 297 63 297 63 299 
6 390
68 233 69 233 69 233 70 233 70 233 71 233 71 233 72 233 72 233 73 233 73 233 74 233 74 233 75 233 75 233 76 233 76 233 76 234 76 234 77 234 77 234 78 234 78 234 79 234 79 234 80 234 80 234 81 234 81 234 82 234 82 234 83 234 83 234 84 234 84 234 85 234 85 234 86 234 86 234 87 234 87 234 88 234 88 234 89 234 89 234 90 234 90 234 91 234 91 234 92 234 92 234 92 235 92 235 93 235 93 235 94 235 94 235 95 235 95 235 96 235 96 235 96 236 96 236 97 236 97 236 98 236 98 236 99 236 99 236 99 237 99 237 100 237 100 237 101 237 101 237 102 237 102 237 102 238 102 238 103 238 103 238 104 238 104 238 104 239 104 239 105 239 105 239 106 239 106 239 107 239 107 239 108 239 108 239 109 239 109 239 109 240 109 240 110 240 110 240 111 240 111 240 112 240 112 240 113 240 113 240 114 240 114 240 115 240 115 240 116 240 116 240 116 241 116 241 117 241 117 241 118 241 118 241 119 241 119 241 120 241 120 241 121 241 121 241 122 241 122 241 123 241 123 241 124 241 124 241 125 241 125 241 125 242 125 242 126 242 126 242 127 242 127 242 128 242 128 242 128 243 128 243 129 243 129 243 130 243 130 243 130 244 130 244 131 244 131 244 132 244 132 244 132 245 132 245 133 245 133 245 134 245 134 245 134 246 134 246 135 246 135 246 136 246 136 246 137 246 137 246 138 246 138 246 139 246 139 246 139 247 139 247 140 247 140 247 141 247 141 247 142 247 142 247 143 247 143 247 143 248 143 248 144 248 144 248 145 248 145 248 146 248 146 248 147 248 147 248 148 248 148 248 149 248 149 248 150 248 150 248 151 248 151 248 152 248 152 248 153 248 153 248 154 248 154 248 155 248 155 248 156 248 156 248 157 248 157 248 158 248 158 248 158 248 158 247 159 247 159 247 160 247 160 247 160 247 160 246 161 246 161 246 162 246 162 246 163 246 163 246 163 246 163 245 164 245 164 245 165 245 165 245 166 245 166 245 166 245 166 244 167 244 167 244 168 244 168 244 169 244 169 244 170 244 170 244 171 244 171 244 172 244 172 244 173 244 173 244 174 244 174 244 174 244 174 243 175 243 175 243 176 243 176 243 177 243 177 243 178 243 178 243 178 243 178 242 179 242 179 242 180 242 180 242 181 242 181 242 182 242 182 242 183 242 183 242 184 242 184 242 185 242 185 242 186 242 186 242 186 242 186 241 187 241 187 241 188 241 188 241 188 241 188 240 189 240 189 240 190 240 190 240 190 240 190 239 191 239 191 239 192 239 192 239 192 239 192 238 193 238 193 238 194 238 194 238 195 238 195 238 196 238 196 238 197 238 197 238 198 238 198 238 198 238 198 237 199 237 199 237 200 237 200 237 201 237 201 237 202 237 202 237 202 237 202 236 203 236 203 236 204 236 204 236 204 236 204 235 205 235 205 235 206 235 206 235 207 235 207 235 207 235 207 234 208 234 208 234 209 234 209 234 210 234 210 234 210 234 210 233 211 233 211 233 212 233 212 233 213 233 213 233 213 233 213 232 214 232 214 232 215 232 215 232 216 232 216 232 216 232 216 231 217 231 217 231 218 231 218 231 218 231 218 230 219 230 219 230 220 230 220 230 220 230 220 229 221 229 221 229 222 229 222 229 223 229 223 229 224 229 224 229 225 229 225 229 225 229 225 228 226 228 226 228 227 228 227 228 228 228 
7 124
195 82 196 82 196 82 196 83 196 83 196 84 196 84 197 84 197 84 197 85 197 85 198 85 198 85 198 86 198 86 199 86 199 86 199 87 199 87 199 88 199 88 200 88 200 88 200 89 200 89 201 89 201 89 201 90 201 90 202 90 202 90 202 91 202 91 202 92 202 92 202 93 202 93 203 93 203 93 203 94 203 94 203 95 203 95 203 96 203 96 203 97 203 97 204 97 204 97 204 98 204 98 204 99 204 99 204 100 204 100 204 101 204 101 204 102 204 102 204 103 204 103 204 104 204 104 204 105 204 105 204 106 204 106 204 107 204 107 204 108 204 108 204 109 204 109 204 110 204 110 204 111 204 111 204 112 204 112 204 113 204 113 204 114 204 114 204 115 204 115 204 115 203 115 203 116 203 116 203 117 203 117 203 118 203 118 203 119 203 119 203 120 203 120 203 120 202 120 202 121 202 121 202 122 202 122 202 123 202 123 202 124 202 124 202 125 202 125 202 126 202 126 202 127 202 127 202 128 202 128 202 128 201 128 201 129 201 129 201 130 201 130 201 131 201 131 201 131 
8 234
195 82 195 82 195 81 196 81 196 81 196 81 196 80 196 80 196 79 197 79 197 79 197 79 197 78 197 78 197 77 198 77 198 77 198 77 198 76 198 76 198 75 199 75 199 75 199 75 199 74 200 74 200 74 200 74 200 73 201 73 201 73 201 73 201 72 202 72 202 72 203 72 203 72 203 72 203 71 204 71 204 71 204 71 204 70 205 70 205 70 205 70 205 69 206 69 206 69 207 69 207 69 207 69 207 68 208 68 208 68 208 68 208 67 209 67 209 67 210 67 210 67 210 67 210 66 211 66 211 66 211 66 211 65 212 65 212 65 213 65 213 65 213 65 213 64 214 64 214 64 215 64 215 64 215 64 215 63 216 63 216 63 216 63 216 62 217 62 217 62 218 62 218 62 218 62 218 61 219 61 219 61 219 61 219 60 219 60 219 59 220 59 220 59 220 59 220 58 221 58 221 58 221 58 221 57 222 57 222 57 222 57 222 56 222 56 222 55 223 55 223 55 223 55 223 54 223 54 223 53 224 53 224 53 224 53 224 52 224 52 224 51 224 51 224 50 225 50 225 50 225 50 225 49 225 49 225 48 225 48 225 47 225 47 225 46 225 46 225 45 225 45 225 44 226 44 226 44 226 44 226 43 226 43 226 42 226 42 226 41 226 41 226 40 226 40 226 39 226 39 226 38 226 38 226 37 226 37 226 36 226 36 226 35 226 35 226 34 226 34 226 33 226 33 226 32 226 32 226 31 226 31 226 30 226 30 226 29 226 29 226 28 226 28 226 27 226 27 226 26 226 26 226 25 226 25 226 24 226 24 226 23 226 23 225 23 225 23 225 22 225 22 225 21 225 21 225 20 225 20 225 19 225 19 224 19 224 19 224 18 224 18 224 17 224 17 224 16 224 16 224 15 224 15 224 14 224 14 224 13 224 13 224 12 224 12 224 11 224 11 224 10 224 10 224 9 224 9 223 9 223 9 223 8 223 8 223 7 223 7 223 6 223 6 223 5 223 5 223 4 223 4 223 3 223 3 223 2 223 2 223 1 223 1 223 0 223 0 
9 302
200 131 200 132 200 132 201 132 201 132 201 133 201 133 201 134 201 134 202 134 202 134 202 135 202 135 202 136 202 136 202 137 202 137 203 137 203 137 203 138 203 138 203 139 203 139 204 139 204 139 204 140 204 140 205 140 205 140 205 141 205 141 205 142 205 142 206 142 206 142 207 142 207 142 207 143 207 143 208 143 208 143 208 144 208 144 209 144 209 144 209 145 209 145 210 145 210 145 210 146 210 146 211 146 211 146 212 146 212 146 212 147 212 147 213 147 213 147 213 148 213 148 214 148 214 148 214 149 214 149 215 149 215 149 215 150 215 150 216 150 216 150 217 150 217 150 218 150 218 150 218 151 218 151 219 151 219 151 220 151 220 151 220 152 220 152 220 153 220 153 221 153 221 153 222 153 222 153 222 154 222 154 222 155 222 155 223 155 223 155 223 156 223 156 223 157 223 157 223 158 223 158 223 159 223 159 223 160 223 160 223 161 223 161 223 162 223 162 224 162 224 162 224 163 224 163 225 163 225 163 225 164 225 164 226 164 226 164 226 165 226 165 227 165 227 165 227 166 227 166 228 166 228 166 229 166 229 166 230 166 230 166 231 166 231 166 231 167 231 167 232 167 232 167 233 167 233 167 234 167 234 167 234 168 234 168 235 168 235 168 235 169 235 169 236 169 236 169 236 170 236 170 237 170 237 170 237 171 237 171 238 171 238 171 238 172 238 172 238 173 238 173 238 174 238 174 238 175 238 175 238 176 238 176 238 177 238 177 238 178 238 178 238 179 238 179 238 180 238 180 238 181 238 181 238 182 238 182 238 183 238 183 238 184 238 184 238 185 238 185 238 186 238 186 238 187 238 187 238 188 238 188 238 189 238 189 238 190 238 190 239 190 239 190 239 191 239 191 239 192 239 192 240 192 240 192 240 193 240 193 240 194 240 194 240 195 240 195 241 195 241 195 241 196 241 196 241 197 241 197 241 197 240 197 240 198 240 198 240 199 240 199 240 199 239 199 239 200 239 200 239 201 239 201 239 202 239 202 239 202 238 202 238 203 238 203 238 204 238 204 238 205 238 205 238 206 238 206 238 207 238 207 238 208 238 208 238 209 238 209 238 210 238 210 238 211 238 211 238 212 238 212 238 213 238 213 238 214 238 214 238 214 237 214 237 215 237 215 237 216 237 216 237 217 237 217 237 217 236 217 236 218 236 218 236 218 235 218 235 219 235 219 235 219 234 219 234 220 234 220 234 220 233 220 233 220 232 220 232 221 232 221 232 221 231 221 231 222 231 222 231 222 230 222 230 223 230 223 230 224 230 224 230 224 229 224 229 225 229 225 229 226 229 226 229 226 228 226 228 227 228 227 228 228 
10 168
228 228 228 229 228 229 229 229 229 229 229 230 229 230 230 230 230 230 230 231 230 231 230 232 230 232 231 232 231 232 231 233 231 233 231 234 231 234 232 234 232 234 232 235 232 235 233 235 233 235 233 236 233 236 234 236 234 236 234 237 234 237 235 237 235 237 235 238 235 238 236 238 236 238 236 239 236 239 236 240 236 240 237 240 237 240 237 241 237 241 237 242 237 242 237 243 237 243 237 244 237 244 237 245 237 245 237 246 237 246 238 246 238 246 238 247 238 247 238 248 238 248 238 249 238 249 238 250 238 250 238 251 238 251 238 252 238 252 238 253 238 253 238 254 238 254 238 255 238 255 238 256 238 256 238 257 238 257 238 257 237 257 237 258 237 258 237 259 237 259 238 259 238 259 238 260 238 260 238 261 238 261 238 262 238 262 238 263 238 263 238 264 238 264 238 265 238 265 238 266 238 266 239 266 239 266 239 267 239 267 239 268 239 268 239 269 239 269 239 270 239 270 240 270 240 270 240 271 240 271 240 272 240 272 240 273 240 273 240 274 240 274 240 275 240 275 240 276 240 276 240 277 240 277 240 278 240 278 240 279 240 279 240 280 240 280 240 281 240 281 240 282 240 282 240 283 240 283 240 284 240 284 240 285 240 285 240 286 240 286 240 287 240 287 240 288 240 288 240 289 240 289 240 290 240 290 240 291 240 291 240 292 240 292 240 293 240 293 240 294 240 294 240 295 240 295 240 296 240 296 240 297 240 297 240 299 
CtrlSeqSet
11
0 3
59 151 0 66 106 0 68 77 0 
1 5
59 151 0 91 132 0 132 126 0 167 125 0 200 131 0 
2 4
59 151 0 40 179 0 47 212 0 68 233 0 
3 4
68 77 0 125 82 0 174 69 0 205 72 0 
4 3
68 77 0 68 32 0 68 0 0 
5 3
68 233 0 63 276 0 63 299 0 
6 5
68 233 0 111 240 0 155 244 0 193 238 0 228 228 0 
7 3
205 72 0 202 121 0 201 131 0 
8 4
205 72 0 221 58 0 224 15 0 223 0 0 
9 4
200 131 0 240 162 0 258 195 0 228 228 0 
10 3
228 228 0 238 266 0 240 299 0 
IfSplit
6
1 1 1 1 1 1 
jpt
6
59 151 0 68.5 77.5 0 68.5 233.5 0 205 72 0 200.5 131.5 0 228.5 228.5 0 
Seqid
6
2944928 2944928 2944928 2944928 2944928 2944928 
splineid
6
0 3
0 1 2 
1 3
0 3 4 
2 3
2 5 6 
3 3
3 7 8 
4 3
1 7 9 
5 3
6 9 10 
