CircularSet
18
0 0 0 0 0 0 0 0 0 0 0 0 0 0 0 0 0 0 
ParaSet
18
0.28 0.15 0.05 0.18 0.28 0.28 0.05 0.28 0.28 0.28 0.15 0.08 0.15 0.18 0.28 0.18 0.18 0.28 
SeqSet
18
0 60
60 50 60 49 60 48 61 48 62 48 61 48 60 48 60 47 60 46 60 45 60 44 60 43 60 42 60 41 60 40 60 39 60 38 60 37 60 36 60 35 61 35 61 34 61 33 61 32 61 31 61 30 62 30 62 29 62 28 62 27 62 26 62 25 63 25 63 24 63 23 64 23 64 22 64 21 64 20 64 19 64 18 64 17 64 16 64 15 64 14 64 13 64 12 64 11 64 10 64 9 64 8 64 7 64 6 65 6 65 5 66 5 66 4 67 4 68 4 68 3 
1 229
220 59 220 60 219 60 219 61 218 61 218 62 218 63 217 63 216 63 216 64 215 64 215 65 214 65 214 66 213 66 213 67 212 67 211 67 210 67 209 67 209 68 208 68 208 69 207 69 207 70 206 70 206 71 205 71 204 71 203 71 202 71 201 71 200 71 199 71 198 71 197 71 196 71 196 72 196 73 195 73 194 73 193 73 192 73 191 73 190 73 189 73 188 73 187 73 186 73 185 73 184 73 183 73 182 73 182 72 181 72 180 72 179 72 178 72 177 72 176 72 175 72 175 71 174 71 173 71 173 70 172 70 171 70 170 70 169 70 168 70 167 70 167 71 167 72 166 72 165 72 164 72 163 72 162 72 161 72 160 72 160 73 159 73 158 73 157 73 157 74 156 74 155 74 154 74 153 74 152 74 151 74 150 74 149 74 148 74 148 75 147 75 147 76 147 77 147 78 146 78 145 78 144 78 144 79 144 80 144 81 144 82 143 82 142 82 141 82 141 83 140 83 140 84 139 84 138 84 137 84 136 84 135 84 134 84 134 85 133 85 132 85 131 85 130 85 130 86 129 86 128 86 127 86 126 86 125 86 124 86 123 86 122 86 121 86 120 86 119 86 118 86 117 86 116 86 115 86 114 86 113 86 112 86 111 86 110 86 109 86 109 85 108 85 107 85 106 85 105 85 104 85 103 85 102 85 101 85 100 85 99 85 98 85 97 85 96 85 95 85 94 85 93 85 93 84 93 83 92 83 91 83 90 83 90 82 89 82 89 81 88 81 87 81 87 80 86 80 86 79 85 79 84 79 83 79 83 78 82 78 82 77 82 76 82 75 82 74 82 73 82 72 81 72 80 72 80 71 79 71 79 70 79 69 79 68 78 68 77 68 76 68 76 67 75 67 74 67 74 66 73 66 73 65 72 65 72 64 71 64 71 63 71 62 70 62 70 61 69 61 69 60 68 60 68 59 68 58 68 57 67 57 67 56 66 56 65 56 65 55 64 55 64 54 63 54 62 54 61 54 60 54 60 53 60 52 60 50 
2 440
68 3 69 3 69 2 70 2 70 1 71 1 71 3 70 3 69 3 68 3 67 3 66 3 65 3 64 3 63 3 62 3 61 3 60 3 59 3 58 3 57 3 56 3 55 3 54 3 53 3 52 3 51 3 50 3 49 3 48 3 47 3 46 3 45 3 44 3 43 3 42 3 41 3 40 3 39 3 38 3 37 3 36 3 35 3 34 3 33 3 32 3 31 3 30 3 29 3 28 3 27 3 26 3 25 3 24 3 23 3 22 3 21 3 20 3 19 3 18 3 17 3 16 3 15 3 14 3 13 3 12 3 11 3 10 3 9 3 8 3 7 3 6 3 5 3 4 3 3 3 2 3 2 4 2 5 3 5 3 6 3 7 3 8 3 9 3 10 3 11 3 12 3 13 3 14 3 15 3 16 3 17 3 18 3 19 3 20 3 21 3 22 3 23 3 24 3 25 3 26 3 27 3 28 3 29 3 30 3 31 3 32 3 33 3 34 3 35 3 36 3 37 3 38 3 39 3 40 3 41 3 42 3 43 3 44 3 45 3 46 3 47 3 48 3 49 3 50 3 51 3 52 3 53 3 54 3 55 3 56 3 57 3 58 3 59 3 60 3 61 3 62 3 63 3 64 3 65 3 66 3 67 3 68 3 69 3 70 3 71 3 72 3 73 3 74 3 75 3 76 3 77 3 78 3 79 3 80 3 81 3 82 3 83 3 84 3 85 3 86 3 87 3 88 3 89 3 90 3 91 3 92 3 93 3 94 3 95 3 96 3 97 3 98 3 99 3 100 3 101 3 102 3 103 3 104 3 105 3 106 3 107 3 108 3 109 3 110 3 111 3 112 3 113 3 114 3 115 2 115 2 116 2 117 2 118 2 119 2 120 2 121 2 122 2 123 2 124 2 125 2 126 2 127 2 128 2 129 2 130 2 131 2 132 2 133 2 134 2 135 2 136 2 137 2 138 2 139 2 140 2 141 2 142 2 143 2 144 2 145 2 146 2 147 2 148 2 149 2 150 2 151 2 152 2 153 2 154 2 155 2 156 2 157 2 158 2 159 2 160 2 161 2 162 2 163 2 164 2 165 2 166 2 167 2 168 2 169 2 170 2 171 2 172 2 173 2 174 2 175 2 176 2 177 2 178 2 179 2 180 2 181 2 182 2 183 2 184 2 185 2 186 2 187 1 187 1 188 1 189 1 190 1 191 1 192 1 193 1 194 1 195 1 196 1 197 1 198 2 198 2 199 2 200 2 201 2 202 2 203 2 204 2 205 2 206 2 207 2 208 2 209 2 210 2 211 2 212 2 213 2 214 2 215 2 216 2 217 2 218 2 219 2 220 2 221 2 222 2 223 2 224 2 225 2 226 2 227 2 228 2 229 3 229 3 230 3 231 3 232 3 233 3 234 3 235 3 236 3 237 3 238 3 239 3 240 3 241 3 242 3 243 3 244 3 245 3 246 3 247 3 248 3 249 3 250 3 251 3 252 3 253 3 254 3 255 3 256 3 257 3 258 3 259 3 260 3 261 3 262 3 263 3 264 2 264 2 265 2 266 3 266 4 266 4 267 5 267 5 268 6 268 7 268 7 269 7 270 7 271 8 271 8 272 9 272 9 273 10 273 10 274 11 274 12 274 13 274 13 275 13 276 14 276 14 277 15 277 15 278 15 279 16 279 16 280 17 280 17 281 17 282 17 283 18 283 19 283 20 283 20 284 21 284 21 285 22 285 22 286 23 286 23 287 23 288 23 289 24 289 24 290 25 290 25 291 26 291 26 292 26 293 27 293 27 294 28 294 29 294 29 295 29 296 30 296 31 296 32 296 33 296 34 296 35 296 36 296 37 296 38 296 39 296 40 296 41 296 42 296 43 296 44 296 45 296 46 296 47 296 48 296 49 296 50 296 51 296 52 296 53 296 54 296 55 296 56 296 57 296 58 296 59 296 60 296 61 296 62 296 63 296 63 295 63 294 63 293 63 292 
3 254
63 292 63 293 63 294 63 295 63 296 64 296 64 297 65 297 66 297 67 297 68 297 69 297 70 297 71 297 72 297 73 297 74 297 75 297 76 297 77 297 78 297 79 297 80 297 81 297 82 297 83 297 84 297 85 297 86 297 87 297 88 297 89 297 90 297 91 297 92 297 93 297 94 297 94 298 94 297 95 297 96 297 97 297 98 297 99 297 100 297 101 297 102 297 103 297 104 297 105 297 106 297 107 297 108 297 109 297 110 297 111 297 112 297 113 297 114 297 115 297 116 297 117 297 118 297 119 297 120 297 121 297 122 297 123 297 124 297 125 297 126 297 127 297 128 297 128 296 129 296 130 296 130 295 130 294 131 294 131 293 132 293 133 293 134 293 135 293 135 294 136 294 137 294 137 295 138 295 138 296 138 297 139 297 140 297 141 297 142 297 143 297 144 297 144 296 145 296 146 296 147 296 148 296 149 296 150 296 151 296 152 296 153 296 153 295 154 295 155 295 156 295 157 295 158 295 159 295 160 295 161 295 162 295 163 295 164 295 165 295 166 295 167 295 168 295 169 295 170 295 171 295 172 295 173 295 174 295 175 295 176 295 177 295 178 295 179 295 180 295 181 295 182 295 183 295 184 295 185 295 186 295 187 295 188 295 189 295 190 295 191 295 192 295 193 295 194 295 195 295 196 295 197 295 198 295 199 295 200 295 201 295 202 295 203 295 204 295 205 295 206 295 207 295 208 295 209 295 210 295 211 295 212 295 213 295 214 295 215 295 215 294 216 294 217 294 218 294 219 294 220 294 221 294 222 294 223 294 224 294 225 294 226 294 227 294 228 294 229 294 230 294 231 294 232 294 233 294 234 294 235 294 236 294 237 294 238 294 239 294 240 294 241 294 242 294 243 294 244 294 245 294 246 294 247 294 248 294 249 294 250 294 251 294 252 294 253 294 254 294 255 294 256 294 257 294 257 293 258 293 259 293 260 293 261 293 262 293 263 293 264 293 265 293 266 293 267 293 268 293 269 293 270 293 271 293 272 293 273 293 274 293 275 293 276 293 277 293 278 293 279 293 280 293 281 293 282 293 283 293 284 293 285 293 286 293 287 293 288 293 289 293 290 293 291 293 291 293 290 293 290 292 290 291 290 290 290 289 
4 168
68 3 69 3 69 4 69 5 70 5 71 5 72 5 73 5 74 5 75 5 76 5 77 5 78 5 79 5 80 5 81 5 82 5 82 4 83 4 83 3 84 3 85 3 86 3 87 3 88 3 89 3 90 3 91 3 92 3 93 3 94 3 95 3 96 3 97 3 98 3 99 3 100 3 101 3 102 3 103 3 104 3 104 4 105 4 106 4 107 4 108 4 109 4 110 4 111 4 112 4 112 3 113 3 113 2 114 2 115 2 116 2 117 2 118 2 118 1 119 1 120 1 121 1 122 1 123 1 124 1 124 2 125 2 126 2 126 1 127 1 128 1 129 1 130 1 131 1 132 1 133 1 134 1 135 1 136 1 137 1 138 1 139 1 140 1 141 1 142 1 143 1 144 1 145 1 146 1 147 1 148 1 149 1 150 1 151 1 152 1 153 1 154 1 155 1 156 1 157 1 158 1 159 1 160 1 161 1 162 1 163 1 164 1 165 1 166 1 167 1 168 1 168 2 168 3 169 3 170 3 170 2 171 2 172 2 173 2 174 2 175 2 176 2 177 2 178 2 179 2 180 2 181 2 182 2 183 2 184 2 185 2 186 2 187 2 188 2 189 2 190 2 191 2 192 2 193 2 194 2 195 2 196 2 197 2 198 2 199 2 200 2 201 2 202 2 203 2 204 2 205 2 206 2 207 2 208 2 209 2 210 2 211 2 212 2 213 2 214 2 215 2 216 2 217 2 218 2 219 2 220 2 221 2 222 2 
5 77
222 2 223 2 223 2 224 2 225 2 226 2 227 2 227 3 227 4 227 5 227 6 227 7 227 8 227 9 227 10 227 11 227 12 227 13 227 14 227 15 227 16 227 17 227 18 227 19 227 20 227 21 227 22 227 23 228 23 228 24 228 25 228 26 228 27 228 28 228 29 228 30 228 31 228 32 228 33 228 34 228 35 228 36 228 37 228 38 228 39 228 40 228 41 228 42 227 42 226 42 225 42 226 42 227 42 227 43 227 44 227 45 227 46 226 46 226 47 226 48 225 48 225 49 225 50 225 51 225 52 224 52 224 53 224 54 224 55 223 55 223 56 223 57 222 57 222 58 221 58 221 59 220 59 
6 486
222 2 223 1 224 1 225 1 226 1 227 1 228 1 229 1 230 1 231 1 232 1 233 1 234 1 235 1 236 1 237 1 238 1 239 1 240 1 241 1 242 1 243 1 244 1 245 1 246 1 247 1 248 1 248 0 249 0 250 0 251 0 252 0 253 0 253 1 254 1 255 1 256 1 257 1 258 1 259 1 260 1 261 1 262 1 263 1 264 1 265 1 266 1 267 1 268 1 269 1 270 1 271 1 272 1 273 1 274 1 275 1 276 1 277 1 278 1 279 1 280 1 281 1 282 1 283 1 284 1 285 1 286 1 287 1 288 1 289 1 290 1 291 1 292 1 293 1 294 1 295 1 296 1 297 1 298 1 299 1 300 1 301 1 302 1 303 1 304 1 305 1 306 1 307 1 308 1 309 1 310 1 311 1 312 1 313 1 314 1 315 1 316 1 317 1 318 1 319 1 320 1 321 1 322 1 323 1 324 1 325 1 326 1 327 1 328 1 329 1 330 1 331 1 332 1 333 1 334 1 335 1 336 1 337 1 338 1 339 1 340 1 341 1 342 1 343 1 344 1 345 1 345 2 346 2 347 2 347 3 348 3 349 3 350 3 351 3 352 3 353 3 354 3 355 3 356 3 357 3 358 3 359 3 360 3 361 3 362 3 363 3 364 3 365 3 366 3 367 3 368 3 369 3 370 3 371 3 372 3 373 3 374 3 375 3 376 3 377 3 378 3 379 3 380 3 381 3 382 3 382 2 383 2 383 1 384 1 385 1 386 1 387 1 388 1 389 1 390 1 391 1 392 1 392 2 393 2 394 2 395 2 396 2 396 3 396 4 396 5 396 6 396 7 396 8 396 9 396 10 396 11 396 12 396 13 396 14 396 15 396 16 395 16 395 17 395 18 395 19 395 20 395 21 395 22 395 23 396 23 396 24 396 25 396 26 396 27 396 28 396 29 396 30 396 31 396 32 396 33 396 34 396 35 396 36 396 37 396 38 396 39 396 40 396 41 396 42 396 43 396 44 396 45 396 46 396 47 396 48 396 49 396 50 396 51 396 52 396 53 396 54 396 55 396 56 396 57 396 58 396 59 396 60 396 61 396 62 396 63 396 64 396 65 396 66 396 67 396 68 396 69 396 70 396 71 396 72 396 73 396 74 396 75 396 76 396 77 396 78 396 79 396 80 396 81 396 82 396 83 396 84 396 85 396 86 396 87 396 88 396 89 396 90 396 91 396 92 396 93 396 94 396 95 396 96 396 97 396 98 396 99 396 100 396 101 396 102 396 103 396 104 396 105 396 106 396 107 396 108 396 109 396 110 396 111 396 112 396 113 396 114 396 115 396 116 396 117 396 118 396 119 396 120 396 121 396 122 396 123 397 123 397 124 397 125 398 125 398 126 398 127 398 128 398 129 398 130 398 131 398 132 398 133 398 134 398 135 398 136 398 137 398 138 398 139 398 140 398 141 398 142 398 143 398 144 398 145 398 146 398 147 398 148 398 149 398 150 398 151 398 152 398 153 398 154 398 155 398 156 398 157 398 158 398 159 398 160 398 161 398 162 398 163 398 164 398 165 398 166 398 167 398 168 398 169 398 170 398 171 398 172 398 173 398 174 398 175 398 176 398 177 398 178 398 179 398 180 398 181 398 182 398 183 398 184 398 185 398 186 398 187 398 188 398 189 398 190 398 191 398 192 398 193 398 194 397 194 396 194 396 194 397 194 397 195 397 196 397 197 397 198 397 199 396 199 396 200 396 201 395 201 395 202 395 203 394 203 394 204 394 205 393 205 393 206 393 207 392 207 392 208 391 208 391 209 391 210 390 210 390 211 389 211 389 212 389 213 388 213 388 214 388 215 387 215 387 216 387 217 386 217 386 218 386 219 385 219 385 220 384 220 384 221 383 221 383 222 383 223 382 223 382 224 381 224 381 225 381 226 380 226 380 227 380 228 379 228 379 229 378 229 378 230 378 231 377 231 377 232 376 232 376 233 375 233 375 234 375 235 374 235 374 236 373 236 373 237 373 238 372 238 372 239 371 239 371 240 370 240 370 241 369 241 369 242 369 243 368 243 368 244 367 244 367 245 366 245 366 246 366 247 365 247 365 248 364 248 364 249 363 249 363 250 362 250 362 251 361 251 361 252 361 253 360 253 359 253 359 254 358 254 358 255 358 256 357 256 357 257 356 257 
7 88
318 296 318 295 319 295 320 295 320 294 321 294 322 294 323 294 324 294 325 294 325 295 326 295 327 295 328 295 329 295 330 295 331 295 331 296 332 296 333 296 334 296 335 296 336 296 337 296 338 296 339 296 340 296 341 296 342 296 343 296 344 296 345 296 345 295 345 294 346 294 347 294 348 294 348 294 347 294 346 294 346 293 346 292 346 291 346 290 346 289 346 288 347 288 347 287 347 286 347 285 347 284 348 284 348 283 348 282 348 281 348 280 348 279 348 278 349 278 349 277 349 276 349 275 349 274 350 274 350 273 350 272 350 271 350 270 350 269 351 269 351 268 351 267 351 266 352 266 352 265 352 264 352 263 352 262 352 261 353 261 353 260 354 260 354 259 355 259 355 258 356 258 356 257 356 257 
8 78
356 257 356 258 355 258 355 259 354 259 354 260 353 260 353 261 352 261 352 262 352 263 352 264 352 265 352 266 351 266 351 267 350 267 349 267 348 267 348 268 347 268 347 269 347 270 346 270 345 270 345 271 344 271 344 272 344 273 343 273 343 274 342 274 341 274 341 275 340 275 340 276 339 276 339 277 338 277 338 278 337 278 337 279 336 279 336 280 335 280 335 281 334 281 334 282 333 282 333 283 332 283 332 284 331 284 331 285 330 285 330 286 329 286 329 287 328 287 328 288 327 288 326 288 326 289 325 289 325 290 324 290 324 291 323 291 323 292 322 292 322 293 321 293 321 294 320 294 320 295 319 295 319 296 318 296 
9 39
318 296 317 296 317 297 316 297 315 297 314 297 314 296 314 295 313 295 312 295 311 295 310 295 309 295 308 295 307 295 306 295 305 295 304 295 303 295 302 295 302 294 301 294 301 293 300 293 299 293 298 293 297 293 296 293 295 293 294 293 293 293 292 293 291 293 290 293 290 292 290 291 290 290 290 289 290 289 
10 141
41 166 41 165 41 164 41 163 41 162 41 161 41 160 41 159 41 158 41 157 41 156 41 155 41 154 41 153 41 152 41 151 41 150 41 149 41 148 41 147 41 146 41 145 41 144 41 143 41 142 41 141 42 141 43 141 43 140 43 139 43 138 44 138 45 138 45 137 46 137 46 136 46 135 46 134 46 133 46 132 46 131 46 130 46 129 46 128 46 127 46 126 46 125 46 124 46 123 46 122 46 121 46 120 46 119 46 118 46 117 46 116 46 115 46 114 46 113 46 112 46 111 46 110 46 109 46 108 46 107 46 106 46 105 46 104 46 103 46 102 47 102 47 101 47 100 48 100 49 100 50 100 50 99 50 98 50 97 50 96 51 96 51 95 51 94 51 93 51 92 51 91 52 91 52 90 52 89 52 88 52 87 52 86 52 85 52 84 53 84 54 84 55 84 56 84 56 83 56 82 57 82 58 82 58 81 58 80 59 80 60 80 61 80 61 79 61 78 61 77 61 76 61 75 61 74 61 73 61 72 61 71 61 70 61 69 60 69 60 68 60 67 60 66 60 65 60 64 60 63 60 62 60 61 60 60 60 59 61 59 62 59 61 59 60 59 60 58 60 57 60 56 60 55 60 54 60 53 60 52 60 51 
11 291
241 159 242 160 241 160 240 160 240 161 239 161 238 161 237 161 237 162 236 162 235 162 235 161 235 160 235 159 235 158 235 157 235 156 235 155 234 155 233 155 233 154 232 154 232 153 231 153 230 153 230 152 229 152 228 152 227 152 226 152 226 151 226 150 225 150 225 149 224 149 224 148 223 148 223 147 222 147 221 147 220 147 219 147 218 147 217 147 216 147 216 146 216 145 215 145 214 145 213 145 212 145 211 145 211 144 211 143 211 142 211 141 211 140 210 140 209 140 208 140 207 140 206 140 206 139 206 138 205 138 204 138 204 137 203 137 202 137 202 136 201 136 201 135 200 135 200 134 199 134 198 134 198 133 197 133 196 133 196 132 195 132 194 132 193 132 192 132 191 132 191 131 190 131 190 130 189 130 188 130 187 130 186 130 185 130 184 130 183 130 183 129 183 128 182 128 181 128 180 128 179 128 178 128 177 128 176 128 175 128 175 127 174 127 173 127 173 126 172 126 171 126 170 126 169 126 168 126 167 126 167 127 166 127 165 127 165 126 164 126 164 125 163 125 162 125 161 125 161 126 160 126 159 126 158 126 158 127 156 128 155 128 155 129 154 129 154 130 153 130 152 130 151 130 150 130 149 130 149 129 148 129 147 129 146 129 145 129 144 129 143 129 142 129 142 130 141 130 140 130 139 130 138 130 137 130 137 129 136 129 135 129 134 129 133 129 132 129 131 129 130 129 130 128 129 128 128 128 127 128 126 128 125 128 124 128 123 128 122 128 121 128 121 127 120 127 119 127 118 127 117 127 116 127 115 127 114 127 113 127 112 127 111 127 110 127 109 127 108 127 107 127 106 127 105 127 104 127 103 127 103 128 102 128 101 128 100 128 100 129 99 129 98 129 97 129 96 129 96 130 95 130 94 130 94 131 93 131 92 131 92 132 91 132 90 132 90 133 89 133 88 133 88 134 87 134 87 135 86 135 85 135 85 136 84 136 84 137 83 137 82 137 82 138 81 138 80 138 80 139 79 139 78 139 78 140 77 140 76 140 76 141 75 141 74 141 74 142 73 142 72 142 72 143 71 143 71 144 70 144 70 145 69 145 69 146 68 146 67 146 66 146 66 147 65 147 65 148 64 148 64 149 63 149 63 150 62 150 62 151 61 151 61 152 60 152 60 153 59 153 58 153 58 154 57 154 56 154 56 155 55 155 55 156 54 156 54 157 53 157 53 158 52 158 52 159 51 159 51 160 51 161 50 161 50 162 49 162 48 162 48 163 47 163 46 163 46 164 46 165 45 165 45 166 44 166 43 166 42 166 41 166 
12 140
241 159 241 158 241 157 241 156 242 156 243 156 243 155 244 155 244 154 244 153 244 152 244 151 244 150 245 150 245 149 246 149 247 149 247 148 247 147 247 146 247 145 247 144 247 143 248 143 248 142 248 141 248 140 248 139 248 138 248 137 248 136 248 135 248 134 248 133 247 133 247 132 246 132 246 131 246 130 246 129 246 128 245 128 245 127 244 127 244 126 244 125 243 125 243 124 243 123 243 122 243 121 242 121 241 121 241 120 240 120 240 119 240 118 240 117 240 116 240 115 239 115 239 114 238 114 238 113 237 113 236 113 235 113 234 113 233 113 233 112 232 112 232 111 232 110 232 109 232 108 232 107 232 106 232 105 232 104 232 103 232 102 232 101 232 100 232 99 232 98 232 97 232 96 232 95 232 94 232 93 232 92 232 91 232 90 232 89 232 88 231 88 231 87 231 86 231 85 230 85 229 85 228 85 227 85 227 84 227 83 227 82 227 81 227 80 227 79 226 79 226 78 225 78 224 78 223 78 223 77 223 76 223 75 223 74 223 73 223 72 223 71 223 70 224 70 224 69 224 68 223 68 222 68 222 67 222 66 222 65 221 65 221 64 221 63 220 63 219 63 219 62 219 61 219 60 219 59 220 59 
13 99
63 292 63 291 63 290 63 289 63 288 63 287 62 287 62 286 61 286 60 286 60 285 60 284 59 284 58 284 58 283 58 282 58 281 58 280 58 279 57 279 56 279 55 279 55 278 55 277 55 276 55 275 55 274 55 273 55 272 55 271 55 270 55 269 54 269 53 269 53 268 53 267 53 266 53 265 53 264 53 263 53 262 52 262 52 261 52 260 52 259 52 258 52 257 52 256 52 255 52 254 52 253 52 252 52 251 52 250 52 249 52 248 52 247 52 246 52 245 52 244 52 243 52 242 52 241 52 240 52 239 51 239 50 239 50 238 50 237 50 236 50 235 50 234 50 233 50 232 49 232 49 231 48 231 48 230 48 229 48 228 48 227 48 226 47 226 46 226 46 225 45 225 45 224 45 223 45 222 45 221 45 220 45 219 45 218 46 218 46 217 46 216 46 215 46 214 46 213 
14 61
46 213 46 212 45 212 45 211 44 211 43 211 43 210 43 209 42 209 42 208 41 208 41 207 40 207 40 206 40 205 40 204 40 203 40 202 40 201 40 200 40 199 40 198 40 197 40 196 41 196 41 195 41 194 41 193 41 192 41 191 41 190 41 189 41 188 41 187 41 186 41 185 41 184 41 183 41 182 40 182 39 182 39 181 39 180 38 180 38 179 38 178 38 177 38 176 38 175 38 174 38 173 38 172 39 172 39 171 40 171 41 171 41 170 41 169 41 168 41 167 41 166 
15 283
258 208 258 207 257 207 256 207 255 207 254 207 253 207 252 207 252 208 252 209 251 209 250 209 250 210 249 210 248 210 248 211 247 211 247 212 246 212 246 213 245 213 244 213 244 214 243 214 242 214 241 214 241 215 240 215 240 216 239 216 238 216 238 217 237 217 237 218 236 218 235 218 235 219 234 219 234 220 233 220 233 221 232 221 232 222 231 222 230 222 230 223 229 223 229 224 228 224 228 225 227 225 226 225 226 226 225 226 224 226 224 227 223 227 222 227 222 228 221 228 220 228 220 229 219 229 218 229 218 230 217 230 216 230 216 231 215 231 214 231 214 232 213 232 212 232 211 232 211 233 210 233 209 233 208 233 208 234 207 234 206 234 205 234 204 234 204 235 203 235 202 235 201 235 200 235 200 236 199 236 198 236 197 236 197 237 196 237 195 237 194 237 194 238 193 238 192 238 191 238 190 238 190 239 189 239 188 239 187 239 187 240 186 240 185 240 184 240 184 241 183 241 182 241 181 241 180 241 180 242 179 242 178 242 177 242 176 242 176 241 176 241 176 242 175 242 174 242 173 242 172 242 172 243 171 243 170 243 169 243 168 243 168 242 168 241 167 241 166 241 165 241 164 241 163 241 162 241 161 241 160 241 159 241 158 241 157 241 156 241 155 241 154 241 153 241 152 241 151 241 150 241 149 241 148 241 147 241 146 241 145 241 144 241 143 241 142 241 141 241 140 241 139 241 138 241 137 241 136 241 135 241 134 241 133 241 132 241 131 241 130 241 129 241 128 241 127 241 126 241 125 241 124 241 123 241 123 240 122 240 121 240 120 240 119 240 118 240 117 240 116 240 115 240 114 240 114 239 113 239 112 239 112 238 111 238 110 238 110 237 109 237 108 237 107 237 106 237 105 237 104 237 103 237 103 236 102 236 101 236 101 235 100 235 99 235 98 235 97 235 96 235 95 235 95 234 94 234 93 234 93 233 92 233 91 233 91 232 90 232 89 232 89 231 88 231 88 230 87 230 86 230 85 230 84 230 83 230 82 230 81 230 81 229 80 229 79 229 78 229 78 228 77 228 77 227 76 227 75 227 75 226 74 226 73 226 73 225 72 225 72 224 71 224 71 223 70 223 69 223 69 222 68 222 68 221 67 221 66 221 65 221 64 221 63 221 62 221 61 221 60 221 59 221 58 221 57 221 57 220 56 220 55 220 55 219 54 219 53 219 53 218 52 218 52 217 51 217 51 216 50 216 50 215 49 215 49 214 48 214 47 214 47 213 46 213 
16 114
290 289 290 288 290 287 290 286 290 285 290 284 290 283 290 282 290 281 289 281 288 281 288 280 287 280 287 279 287 278 287 277 286 277 285 277 284 277 284 276 284 275 284 274 284 273 284 272 284 271 284 270 284 269 284 268 283 268 283 267 283 266 283 265 283 264 283 263 283 262 283 261 282 261 282 260 282 259 282 258 281 258 280 258 279 258 278 258 278 257 278 256 277 256 277 255 277 254 277 253 276 253 276 252 275 252 275 251 275 250 274 250 274 249 274 248 274 247 273 247 272 247 271 247 270 247 269 247 269 246 268 246 268 245 268 244 268 243 268 242 268 241 267 241 266 241 265 241 265 240 265 239 265 238 265 237 265 236 265 235 265 234 265 233 265 232 265 231 265 230 265 229 265 228 265 227 264 227 264 226 264 225 264 224 264 223 264 222 264 221 264 220 264 219 264 218 264 217 264 216 264 215 264 214 263 214 262 214 262 213 261 213 260 213 259 213 258 213 258 212 258 211 258 210 258 209 258 208 
17 67
258 208 258 207 258 206 258 205 258 204 258 203 258 202 258 201 258 200 258 199 258 198 258 197 257 197 257 196 257 195 256 195 256 194 255 194 255 193 254 193 254 192 254 191 254 190 254 189 253 189 252 189 252 188 252 187 252 186 252 185 252 184 252 183 252 182 252 181 252 180 252 179 252 178 251 178 251 177 251 176 251 175 250 175 250 174 250 173 249 173 249 172 248 172 247 172 246 172 245 172 245 171 245 170 245 169 244 169 244 168 244 167 243 167 243 166 242 166 242 165 242 164 242 163 242 162 242 161 241 161 241 160 241 159 
CtrlSeqSet
18
0 5
62 53 0 60 38 0 63 25 0 64 10 0 65 2 0 
1 8
220 59 0 198 71 0 169 70 0 144 79 0 117 86 0 88 81 0 71 64 0 62 53 0 
2 21
65 2 0 52 2 0 28 2 0 0 2 0 2 16 0 2 42 0 2 61 0 2 85 0 2 106 0 2 125 0 2 144 0 2 168 0 2 186 0 2 215 0 2 230 0 2 255 0 7 269 0 17 285 0 27 293 0 39 297 0 66 297 0 
3 7
66 297 0 101 297 0 138 297 0 182 297 0 223 297 0 268 297 0 289 297 0 
4 5
65 2 0 103 2 0 160 2 0 202 2 0 225 2 0 
5 5
225 2 0 227 17 0 228 37 0 225 51 0 220 59 0 
6 21
225 2 0 254 2 0 272 2 0 298 2 0 316 2 0 341 2 0 366 2 0 381 2 0 398 2 0 398 37 0 398 64 0 398 89 0 398 115 0 398 135 0 398 155 0 398 180 0 398 193 0 389 213 0 380 228 0 369 241 0 350 258 0 
7 5
309 297 0 343 297 0 349 290 0 352 273 0 350 258 0 
8 5
350 258 0 343 270 0 336 279 0 325 289 0 309 297 0 
9 4
309 297 0 297 297 0 294 297 0 289 297 0 
10 8
41 166 0 41 146 0 44 128 0 48 114 0 52 98 0 56 84 0 59 70 0 62 53 0 
11 14
240 158 0 231 153 0 216 145 0 202 136 0 185 130 0 167 127 0 149 130 0 130 128 0 108 127 0 90 132 0 76 141 0 62 150 0 50 161 0 41 166 0 
12 8
240 158 0 240 141 0 237 124 0 234 108 0 230 94 0 227 82 0 222 68 0 220 59 0 
13 7
66 297 0 62 281 0 58 269 0 54 252 0 50 237 0 48 227 0 44 213 0 
14 4
44 213 0 40 202 0 41 186 0 41 166 0 
15 7
257 204 0 227 225 0 190 238 0 150 241 0 104 237 0 69 222 0 44 213 0 
16 7
289 297 0 284 283 0 276 262 0 272 247 0 267 235 0 262 219 0 257 204 0 
17 5
257 204 0 255 193 0 252 178 0 244 168 0 240 158 0 
IfSplit
12
1 1 1 1 1 1 1 1 1 1 1 1 
jpt
12
62 53 0 65 2 0 220 59 0 66 297 0 289 297 0 225 2 0 350 258 0 309 297 0 41 166 0 240 158 0 44 213 0 257 204 0 
Seqid
12
732 3 243 439 253 167 485 77 158 179 98 113 
splineid
12
0 3
0 1 10 
1 3
0 2 4 
2 3
1 5 12 
3 3
2 3 13 
4 3
3 9 16 
5 3
4 5 6 
6 3
6 7 8 
7 3
7 8 9 
8 3
10 11 14 
9 3
11 12 17 
10 3
13 14 15 
11 3
15 16 17 
