CircularSet
42
1 0 0 0 0 0 0 0 0 0 0 0 0 0 0 0 0 0 0 0 0 0 0 0 0 0 0 0 0 0 0 0 0 0 0 0 0 0 0 0 0 0 
ParaSet
42
5 0.208333 0.03 0.322581 1.66667 0.675676 3.125 0.5 0.04 0.396825 1.25 0.406504 1.25 0.769231 0.409836 0.280112 0.1 1.25 0.877193 0.05 0.27933 0.153846 0.1 0.04 2.17391 0.446429 0.1 2.94118 0.45045 0.252525 0.3 0.14 1.78571 0.793651 0.236967 1.02041 0.1 0.13 0.1 1.5625 1.85185 0.1 
SeqSet
42
0 20
7 98 7 98 6 98 6 98 5 98 5 98 5 97 5 97 4 97 4 97 3 97 3 97 2 97 2 97 1 97 1 97 0 97 0 98 0 98 0 98 
1 480
7 98 7 98 7 97 8 97 8 97 9 97 9 97 10 97 10 97 10 97 10 96 11 96 11 96 12 96 12 96 12 97 12 97 13 97 13 97 14 97 14 97 15 97 15 97 16 97 16 97 17 97 17 97 18 97 18 97 19 97 19 97 20 97 20 97 20 98 20 98 21 98 21 98 22 98 22 98 23 98 23 98 24 98 24 98 24 99 24 99 25 99 25 99 26 99 26 99 27 99 27 99 28 99 28 99 29 99 29 99 30 99 30 99 30 99 30 98 31 98 31 98 32 98 32 98 32 98 32 97 33 97 33 97 34 97 34 97 35 97 35 97 35 97 35 96 36 96 36 96 37 96 37 96 38 96 38 96 39 96 39 96 40 96 40 96 41 96 41 96 42 96 42 96 43 96 43 96 44 96 44 96 45 96 45 96 46 96 46 96 47 96 47 96 48 96 48 96 49 96 49 96 50 96 50 96 50 96 50 95 51 95 51 95 52 95 52 95 53 95 53 95 54 95 54 95 55 95 55 95 56 95 56 95 57 95 57 95 58 95 58 95 59 95 59 95 60 95 60 95 61 95 61 95 62 95 62 95 62 95 62 94 63 94 63 94 64 94 64 94 65 94 65 94 65 94 65 93 66 93 66 93 67 93 67 93 68 93 68 93 69 93 69 93 69 93 69 92 70 92 70 92 71 92 71 92 72 92 72 92 73 92 73 92 73 92 73 91 74 91 74 91 75 91 75 91 75 91 75 90 76 90 76 90 77 90 77 90 78 90 78 90 79 90 79 90 79 90 79 89 80 89 80 89 81 89 81 89 82 89 82 89 83 89 83 89 84 89 84 89 84 89 84 88 85 88 85 88 86 88 86 88 87 88 87 88 88 88 88 88 89 88 89 88 90 88 90 88 90 88 90 87 91 87 91 87 92 87 92 87 93 87 93 87 94 87 94 87 95 87 95 87 96 87 96 87 96 87 96 86 97 86 97 86 98 86 98 86 98 87 98 87 99 87 99 87 100 87 100 87 101 87 101 87 101 87 101 86 102 86 102 86 103 86 103 86 104 86 104 86 105 86 105 86 106 86 106 86 107 86 107 86 108 86 108 86 109 86 109 86 110 86 110 86 111 86 111 86 112 86 112 86 113 86 113 86 114 86 114 86 115 86 115 86 116 86 116 86 117 86 117 86 118 86 118 86 119 86 119 86 120 86 120 86 120 87 120 87 121 87 121 87 122 87 122 87 123 87 123 87 124 87 124 87 124 88 124 88 125 88 125 88 126 88 126 88 127 88 127 88 128 88 128 88 128 88 128 87 129 87 129 87 130 87 130 87 131 87 131 87 132 87 132 87 133 87 133 87 133 87 133 86 134 86 134 86 135 86 135 86 136 86 136 86 137 86 137 86 138 86 138 86 139 86 139 86 140 86 140 86 141 86 141 86 142 86 142 86 143 86 143 86 144 86 144 86 145 86 145 86 146 86 146 86 147 86 147 86 148 86 148 86 149 86 149 86 150 86 150 86 151 86 151 86 152 86 152 86 152 87 152 87 153 87 153 87 154 87 154 87 154 88 154 88 155 88 155 88 156 88 156 88 156 89 156 89 157 89 157 89 158 89 158 89 158 90 158 90 159 90 159 90 160 90 160 90 160 91 160 91 161 91 161 91 162 91 162 91 162 92 162 92 163 92 163 92 164 92 164 92 164 93 164 93 165 93 165 93 166 93 166 93 167 93 167 93 167 94 167 94 168 94 168 94 169 94 169 94 170 94 170 94 170 95 170 95 171 95 171 95 172 95 172 95 173 95 173 95 174 95 174 95 175 95 175 95 176 95 176 95 177 95 177 95 178 95 178 95 179 95 179 95 180 95 180 95 181 95 181 95 182 95 182 95 183 95 183 95 184 95 184 95 185 95 185 95 185 96 185 96 186 96 186 96 187 96 187 96 188 96 188 96 189 96 189 96 190 96 190 96 190 97 190 97 191 97 191 97 192 97 192 97 193 97 193 97 193 98 193 98 194 98 194 98 195 98 195 98 195 99 195 99 196 99 196 99 197 99 197 99 197 100 197 100 198 100 198 100 198 101 198 101 199 101 199 101 199 102 199 102 200 102 200 102 200 103 200 103 201 103 201 103 201 104 201 104 202 104 202 104 202 105 202 105 203 105 203 105 203 106 
2 758
7 98 7 99 7 99 7 100 7 100 8 100 8 100 8 101 8 101 8 102 8 102 9 102 9 102 9 103 9 103 10 103 10 103 11 103 11 103 11 104 11 104 12 104 12 104 13 104 13 104 14 104 14 104 15 104 15 104 16 104 16 104 17 104 17 104 17 105 17 105 18 105 18 105 18 106 18 106 19 106 19 106 19 107 19 107 20 107 20 107 20 108 20 108 20 109 20 109 20 110 20 110 20 111 20 111 20 112 20 112 20 113 20 113 21 113 21 113 21 114 21 114 21 115 21 115 21 116 21 116 21 117 21 117 21 118 21 118 21 119 21 119 21 120 21 120 21 121 21 121 21 122 21 122 21 123 21 123 21 124 21 124 21 125 21 125 22 125 22 125 22 126 22 126 22 127 22 127 22 128 22 128 22 129 22 129 22 130 22 130 22 131 22 131 22 132 22 132 22 133 22 133 22 134 22 134 22 135 22 135 23 135 23 135 23 136 23 136 24 136 24 136 24 137 24 137 25 137 25 137 25 138 25 138 26 138 26 138 27 138 27 138 28 138 28 138 29 138 29 138 29 138 29 137 30 137 30 137 30 137 30 136 31 136 31 136 32 136 32 136 32 136 32 135 33 135 33 135 33 135 33 134 34 134 34 134 34 134 34 133 35 133 35 133 35 133 35 132 36 132 36 132 36 132 36 131 37 131 37 131 37 131 37 130 38 130 38 130 38 130 38 129 39 129 39 129 40 129 40 129 40 129 40 128 41 128 41 128 42 128 42 128 42 128 42 127 43 127 43 127 44 127 44 127 45 127 45 127 46 127 46 127 46 127 46 126 47 126 47 126 48 126 48 126 49 126 49 126 50 126 50 126 51 126 51 126 52 126 52 126 52 126 52 125 53 125 53 125 54 125 54 125 55 125 55 125 56 125 56 125 57 125 57 125 58 125 58 125 59 125 59 125 60 125 60 125 60 126 60 126 61 126 61 126 62 126 62 126 62 127 62 127 63 127 63 127 64 127 64 127 64 128 64 128 65 128 65 128 65 129 65 129 66 129 66 129 66 130 66 130 67 130 67 130 68 130 68 130 68 131 68 131 69 131 69 131 70 131 70 131 70 132 70 132 71 132 71 132 71 133 71 133 72 133 72 133 73 133 73 133 73 134 73 134 74 134 74 134 75 134 75 134 76 134 76 134 76 135 76 135 77 135 77 135 77 136 77 136 78 136 78 136 78 137 78 137 79 137 79 137 80 137 80 137 80 138 80 138 81 138 81 138 81 139 81 139 82 139 82 139 83 139 83 139 83 140 83 140 84 140 84 140 85 140 85 140 85 141 85 141 86 141 86 141 87 141 87 141 87 142 87 142 88 142 88 142 89 142 89 142 89 143 89 143 90 143 90 143 91 143 91 143 91 144 91 144 92 144 92 144 93 144 93 144 94 144 94 144 95 144 95 144 96 144 96 144 97 144 97 144 98 144 98 144 99 144 99 144 100 144 100 144 101 144 101 144 102 144 102 144 103 144 103 144 104 144 104 144 105 144 105 144 105 145 105 145 106 145 106 145 107 145 107 145 107 146 107 146 108 146 108 146 108 147 108 147 109 147 109 147 109 148 109 148 109 149 109 149 109 150 109 150 109 151 109 151 109 152 109 152 109 153 109 153 109 154 109 154 109 155 109 155 109 156 109 156 109 157 109 157 109 158 109 158 109 159 109 159 109 160 109 160 109 161 109 161 109 162 109 162 109 162 108 162 108 163 108 163 108 164 108 164 108 165 108 165 108 165 107 165 107 166 107 166 107 166 106 166 106 167 106 167 106 167 105 167 105 167 104 167 104 168 104 168 104 168 103 168 103 169 103 169 103 169 102 169 102 169 101 169 101 169 100 169 100 169 99 169 99 169 98 169 98 169 97 169 97 170 97 170 97 170 96 170 96 170 95 170 95 170 94 170 94 170 93 170 93 170 92 170 92 170 91 170 91 170 90 170 90 171 90 171 90 171 89 171 89 171 88 171 88 172 88 172 88 172 87 172 87 172 86 172 86 172 85 172 85 173 85 173 85 173 84 173 84 173 83 173 83 173 82 173 82 173 81 173 81 173 80 173 80 173 79 173 79 173 78 173 78 174 78 174 78 174 77 174 77 174 76 174 76 174 75 174 75 175 75 175 75 175 74 175 74 176 74 176 74 176 73 176 73 177 73 177 73 177 72 177 72 178 72 178 72 178 71 178 71 178 70 178 70 179 70 179 70 179 69 179 69 180 69 180 69 180 68 180 68 180 67 180 67 181 67 181 67 181 66 181 66 181 65 181 65 181 64 181 64 182 64 182 64 182 63 182 63 182 62 182 62 183 62 183 62 183 61 183 61 183 60 183 60 184 60 184 60 184 59 184 59 184 58 184 58 185 58 185 58 185 57 185 57 185 56 185 56 186 56 186 56 186 55 186 55 187 55 187 55 187 54 187 54 188 54 188 54 188 53 188 53 189 53 189 53 190 53 190 53 190 52 190 52 191 52 191 52 191 51 191 51 192 51 192 51 193 51 193 51 193 50 193 50 194 50 194 50 195 50 195 50 196 50 196 50 196 49 196 49 197 49 197 49 198 49 198 49 198 48 198 48 199 48 199 48 200 48 200 48 201 48 201 48 202 48 202 48 203 48 203 48 204 48 204 48 205 48 205 48 206 48 206 48 207 48 207 48 208 48 208 48 209 48 209 49 209 49 209 49 210 49 210 49 211 49 211 50 211 50 211 50 212 50 212 50 213 50 213 51 213 51 213 51 214 51 214 52 214 52 214 52 215 52 215 53 215 53 215 53 216 53 216 54 216 54 216 54 217 54 217 55 217 55 217 55 218 55 218 56 218 56 218 57 218 57 218 58 218 58 218 58 219 58 219 59 219 59 219 59 219 59 218 60 218 60 218 61 218 61 218 61 218 61 217 62 217 62 217 62 217 62 216 63 216 63 216 64 216 64 216 64 216 64 215 65 215 65 215 65 215 65 214 66 214 66 214 67 214 67 214 67 215 67 215 68 215 68 215 69 215 69 215 69 216 69 216 70 216 70 216 70 217 70 217 71 217 71 217 71 218 71 218 72 218 72 218 72 219 72 219 73 219 73 219 74 219 74 219 74 220 74 220 75 220 75 220 76 220 76 220 76 221 76 221 77 221 77 221 78 221 78 221 79 221 79 221 80 221 80 221 81 221 81 221 82 221 82 221 83 221 83 221 84 221 84 221 85 221 85 221 86 221 86 221 87 221 87 221 88 221 88 221 88 222 88 222 89 222 89 222 90 222 90 222 91 222 91 222 92 222 92 222 93 222 93 222 94 222 94 222 95 222 95 222 96 222 96 222 97 222 97 222 98 222 98 222 99 222 99 222 99 223 99 223 100 223 100 223 101 223 101 223 101 224 101 224 102 224 
3 310
71 315 71 315 70 315 70 316 70 316 70 316 69 316 69 317 69 317 69 317 68 317 68 318 68 318 68 318 67 318 67 319 67 319 67 320 67 320 67 320 66 320 66 320 65 320 65 321 65 321 65 321 64 321 64 322 64 322 64 322 63 322 63 322 62 322 62 323 62 323 62 323 61 323 61 323 60 323 60 324 60 324 60 324 59 324 59 324 58 324 58 325 58 325 58 325 57 325 57 326 57 326 57 326 56 326 56 327 56 327 56 327 55 327 55 328 55 328 55 328 54 328 54 329 54 329 54 329 53 329 53 330 53 330 53 330 52 330 52 331 52 331 52 332 52 332 52 332 51 332 51 333 51 333 51 333 50 333 50 334 50 334 50 335 50 335 50 335 49 335 49 336 49 336 49 336 48 336 48 337 48 337 48 338 48 338 48 338 47 338 47 339 47 339 47 340 47 340 47 340 46 340 46 341 46 341 46 341 45 341 45 342 45 342 45 343 45 343 45 343 44 343 44 344 44 344 44 345 44 345 44 345 43 345 43 346 43 346 43 346 42 346 42 347 42 347 42 348 42 348 42 348 41 348 41 349 41 349 41 349 40 349 40 350 40 350 40 350 39 350 39 351 39 351 39 352 39 352 39 352 38 352 38 353 38 353 38 354 38 354 38 354 37 354 37 355 37 355 37 355 36 355 36 356 36 356 36 357 36 357 36 357 35 357 35 358 35 358 35 359 35 359 35 359 34 359 34 360 34 360 34 361 34 361 34 362 34 362 34 362 33 362 33 363 33 363 33 364 33 364 33 364 32 364 32 365 32 365 32 366 32 366 32 366 31 366 31 367 31 367 31 368 31 368 31 368 30 368 30 369 30 369 30 370 30 370 30 370 29 370 29 371 29 371 29 371 28 371 28 372 28 372 28 373 28 373 28 373 27 373 27 374 27 374 27 374 26 374 26 375 26 375 26 376 26 376 26 376 25 376 25 377 25 377 25 377 24 377 24 378 24 378 24 378 23 378 23 379 23 379 23 380 23 380 23 380 22 380 22 381 22 381 22 381 21 381 21 382 21 382 21 383 21 383 21 383 20 383 20 384 20 384 20 384 19 384 19 385 19 385 19 385 18 385 18 386 18 386 18 386 17 386 17 387 17 387 17 387 16 387 16 387 15 387 15 388 15 388 15 388 14 388 14 389 14 389 14 389 13 389 13 389 12 389 12 390 12 390 12 390 11 390 11 391 11 391 11 391 10 391 10 392 10 392 10 392 9 392 9 393 9 393 9 393 8 393 8 394 8 394 8 394 7 394 7 395 7 395 7 395 6 395 6 396 6 396 6 396 5 396 5 396 4 396 4 397 4 397 4 397 3 397 3 397 2 397 2 398 2 398 2 398 1 398 1 398 0 398 0 398 
4 60
71 315 72 315 72 315 73 315 73 315 74 315 74 315 75 315 75 315 76 315 76 315 77 315 77 315 78 315 78 315 79 315 79 315 80 315 80 315 81 315 81 315 82 315 82 315 83 315 83 315 84 315 84 315 85 315 85 315 85 316 85 316 86 316 86 316 86 317 86 317 87 317 87 317 87 318 87 318 88 318 88 318 88 319 88 319 88 320 88 320 88 321 88 321 88 322 88 322 88 322 87 322 87 323 87 323 88 323 88 323 88 324 88 324 88 325 88 325 88 326 
5 148
71 315 71 315 71 314 71 314 70 314 70 314 70 313 70 313 70 312 70 312 70 311 70 311 69 311 69 311 69 310 69 310 69 309 69 309 69 308 69 308 69 307 69 307 69 306 69 306 69 305 69 305 69 304 69 304 69 303 69 303 69 302 69 302 69 301 69 301 69 300 69 300 69 299 69 299 69 298 69 298 69 297 69 297 69 296 69 296 69 295 69 295 69 294 69 294 69 293 69 293 69 292 69 292 69 291 70 291 70 291 70 291 70 290 70 290 70 289 71 289 71 289 71 289 71 288 71 288 71 287 71 287 71 286 72 286 72 286 72 286 72 285 73 285 73 285 73 285 73 284 74 284 74 284 74 284 74 283 74 283 74 282 74 282 74 281 75 281 75 281 75 281 75 280 75 280 75 279 75 279 75 278 75 278 75 277 75 277 75 276 75 276 75 275 75 275 75 274 75 274 75 273 75 273 75 272 75 272 75 271 75 271 75 270 75 270 75 269 75 269 75 268 75 268 75 267 75 267 75 266 75 266 75 265 75 265 75 264 75 264 75 263 75 263 75 262 75 262 75 261 75 261 75 260 75 260 75 259 75 259 75 258 75 258 75 257 75 257 75 256 76 256 76 256 76 256 76 255 76 255 76 254 76 254 76 253 76 253 76 252 76 252 76 251 76 251 
6 32
76 250 77 250 77 250 77 250 77 249 78 249 78 249 79 249 79 249 80 249 80 249 81 249 81 249 82 249 82 249 83 249 83 249 84 249 84 249 85 249 85 249 85 250 85 250 86 250 86 250 87 250 87 250 87 251 87 251 88 251 88 251 89 251 
7 200
76 250 76 250 76 249 76 249 75 249 75 249 75 248 75 248 74 248 74 248 74 247 74 247 73 247 73 247 73 246 73 246 72 246 72 246 72 245 72 245 71 245 71 245 70 245 70 245 70 244 70 244 69 244 69 244 68 244 68 244 68 243 68 243 67 243 67 243 66 243 66 243 66 242 66 242 65 242 65 242 65 241 65 241 64 241 64 241 63 241 63 241 62 241 62 241 62 240 62 240 61 240 61 240 61 239 61 239 60 239 60 239 59 239 59 239 58 239 58 239 58 238 58 238 57 238 57 238 56 238 56 238 56 237 56 237 55 237 55 237 54 237 54 237 53 237 53 237 52 237 52 237 52 236 52 236 51 236 51 236 50 236 50 236 49 236 49 236 49 235 49 235 48 235 48 235 47 235 47 235 47 234 47 234 46 234 46 234 45 234 45 234 44 234 44 234 44 233 44 233 43 233 43 233 42 233 42 233 41 233 41 233 40 233 40 233 39 233 39 233 39 232 39 232 38 232 38 232 37 232 37 232 36 232 36 232 35 232 35 232 34 232 34 232 33 232 33 232 32 232 32 232 31 232 31 232 30 232 30 232 29 232 29 232 28 232 28 232 27 232 27 232 26 232 26 232 25 232 25 232 24 232 24 232 23 232 23 232 22 232 22 232 21 232 21 232 20 232 20 233 20 233 20 233 19 233 19 233 18 233 18 233 17 233 17 233 16 233 16 233 15 233 15 234 15 234 15 234 14 234 14 234 13 234 13 234 12 234 12 234 11 234 11 234 11 233 11 233 10 233 10 234 10 234 10 234 9 234 9 234 8 234 8 234 7 234 7 234 6 234 6 234 5 234 5 234 4 234 4 234 3 234 3 234 2 234 2 235 2 235 2 235 1 235 1 235 0 235 0 235 
8 1128
88 326 88 326 87 326 87 326 86 326 86 327 86 327 86 327 85 327 85 328 85 328 85 328 84 328 84 328 83 328 83 329 83 329 83 329 82 329 82 329 81 329 81 330 81 330 81 330 80 330 80 330 79 330 79 331 79 331 79 331 78 331 78 331 77 331 77 331 76 331 76 332 76 332 76 332 75 332 75 332 74 332 74 333 74 333 74 333 73 333 73 333 72 333 72 333 71 333 71 334 71 334 71 334 70 334 70 335 70 335 70 335 69 335 69 335 68 335 68 335 67 335 67 336 67 336 67 336 66 336 66 336 65 336 65 337 65 337 65 337 64 337 64 337 63 337 63 338 63 338 63 338 62 338 62 339 62 339 62 339 61 339 61 340 61 340 61 340 60 340 60 341 60 341 60 342 60 342 60 343 60 343 60 343 59 343 59 344 59 344 59 345 59 345 59 346 59 346 59 347 59 347 59 348 59 348 59 348 58 348 58 349 58 349 58 350 58 350 58 351 58 351 58 352 58 352 58 353 58 353 58 354 58 354 58 355 58 355 58 356 58 356 58 357 58 357 58 358 58 358 58 359 58 359 58 360 58 360 58 361 58 361 58 361 57 361 57 362 57 362 57 362 56 362 56 363 56 363 56 364 56 364 56 364 55 364 55 365 55 365 55 365 54 365 54 366 54 366 54 367 54 367 54 367 53 367 53 368 53 368 53 368 52 368 52 369 52 369 52 370 52 370 52 371 52 371 52 372 52 372 52 373 52 373 52 373 51 373 51 374 51 374 51 375 51 375 51 376 51 376 51 377 51 377 51 378 51 378 51 379 51 379 51 380 51 380 51 381 51 381 51 382 51 382 51 382 50 382 50 383 50 383 50 384 50 384 50 385 50 385 50 386 50 386 50 387 50 387 51 387 51 387 51 388 51 388 51 389 51 389 52 389 52 389 52 390 52 390 53 390 53 390 53 391 53 391 54 391 54 391 55 391 55 391 55 392 55 392 56 392 56 392 57 392 57 392 57 393 57 393 58 393 58 393 59 393 59 393 60 393 60 393 61 393 61 393 62 393 62 393 62 393 62 392 63 392 63 392 64 392 64 392 65 392 65 392 65 392 65 391 66 391 66 391 67 391 67 391 67 391 67 390 68 390 68 390 69 390 69 390 69 390 69 389 70 389 70 389 71 389 71 389 72 389 72 389 72 389 72 388 73 388 73 388 74 388 74 388 75 388 75 388 76 388 76 388 76 388 76 387 77 387 77 387 78 387 78 387 78 387 78 386 79 386 79 386 80 386 80 386 80 386 80 385 81 385 81 385 81 385 81 384 82 384 82 384 83 384 83 384 83 384 83 383 84 383 84 383 84 383 84 382 85 382 85 382 85 382 85 381 86 381 86 381 86 381 86 380 87 380 87 380 87 380 87 379 88 379 88 379 88 379 88 378 89 378 89 378 89 378 89 377 90 377 90 377 91 377 91 377 91 377 91 376 92 376 92 376 93 376 93 376 94 376 94 376 95 376 95 376 95 377 95 377 96 377 96 377 96 378 96 378 96 379 96 379 96 380 96 380 96 381 96 381 96 382 96 382 96 383 96 383 96 384 96 384 96 385 96 385 96 386 96 386 96 387 96 387 96 388 96 388 96 389 96 389 96 390 96 390 96 391 96 391 96 392 96 392 96 393 96 393 96 394 96 394 96 395 96 395 96 395 95 395 95 396 95 396 95 397 95 397 95 397 94 397 94 398 94 398 94 399 94 399 94 399 93 399 93 400 93 400 93 401 93 401 93 401 92 401 92 402 92 402 92 402 91 402 91 403 91 403 91 403 90 403 90 404 90 404 90 405 90 405 90 405 89 405 89 406 89 406 89 406 88 406 88 407 88 407 88 407 87 407 87 408 87 408 87 408 86 408 86 409 86 409 86 409 85 409 85 410 85 410 85 410 84 410 84 411 84 411 84 412 84 412 84 412 83 412 83 413 83 413 83 414 83 414 83 415 83 415 83 415 82 415 82 416 82 416 82 417 82 417 82 418 82 418 82 419 82 419 82 420 82 420 82 420 81 420 81 421 81 421 81 422 81 422 81 422 80 422 80 423 80 423 80 423 79 423 79 424 79 424 79 424 78 424 78 425 78 425 78 425 77 425 77 425 76 425 76 426 76 426 76 426 75 426 75 426 74 426 74 426 73 426 73 426 72 426 72 427 72 427 72 427 71 427 71 427 70 427 70 427 69 427 69 428 69 428 69 428 68 428 68 429 68 429 68 429 67 429 67 429 66 429 66 430 66 430 66 430 65 430 65 431 65 431 65 431 64 431 64 432 64 432 64 432 63 432 63 433 63 433 63 433 62 433 62 434 62 434 62 434 61 434 61 434 60 434 60 435 60 435 60 435 59 435 59 436 59 436 59 436 58 436 58 436 57 436 57 437 57 437 57 437 56 437 56 438 56 438 56 438 55 438 55 439 55 439 55 439 54 439 54 440 54 440 54 440 53 440 53 441 53 441 53 441 52 441 52 441 51 441 51 442 51 442 51 443 51 443 51 443 50 443 50 444 50 444 50 444 49 444 49 445 49 445 49 445 48 445 48 446 48 446 48 446 47 446 47 447 47 447 47 447 46 447 46 448 46 448 46 448 45 448 45 449 45 449 45 450 45 450 45 450 44 450 44 451 44 451 44 452 44 452 44 452 43 452 43 453 43 453 43 454 43 454 43 455 43 455 43 455 42 455 42 456 42 456 42 457 42 457 42 458 42 458 42 459 42 459 42 460 42 460 42 460 41 460 41 461 41 461 41 461 40 461 40 462 40 462 40 462 39 462 39 463 39 463 39 464 39 464 39 465 39 465 39 466 39 466 39 467 39 467 40 467 40 467 40 468 40 468 41 468 41 468 42 468 42 468 42 469 42 469 43 469 43 469 44 469 44 469 45 469 45 469 46 469 46 469 46 470 46 470 47 470 47 470 48 470 48 470 49 470 49 470 50 470 50 470 51 470 51 470 52 470 52 470 53 470 53 470 54 470 54 470 54 470 54 469 55 469 55 469 56 469 56 469 57 469 57 469 57 469 57 468 58 468 58 468 59 468 59 468 59 468 59 467 60 467 60 467 60 467 60 466 61 466 61 466 62 466 62 466 62 466 62 465 63 465 63 465 63 465 63 464 64 464 64 464 65 464 65 464 65 464 65 463 66 463 66 463 67 463 67 463 67 463 67 462 68 462 68 462 69 462 69 462 69 462 69 461 70 461 70 461 71 461 71 461 71 461 71 460 72 460 72 460 72 460 72 459 73 459 73 459 74 459 74 459 74 459 74 458 75 458 75 458 75 458 75 457 76 457 76 457 77 457 77 457 77 457 77 456 78 456 78 456 78 456 78 455 79 455 79 455 79 455 79 454 80 454 80 454 81 454 81 454 81 454 81 453 82 453 82 453 82 453 82 452 83 452 83 452 83 452 83 451 84 451 84 451 85 451 85 451 85 451 85 450 86 450 86 450 86 450 86 449 86 449 86 448 87 448 87 448 88 448 88 448 88 448 88 447 89 447 89 447 89 447 89 446 90 446 90 446 90 446 90 445 91 445 91 445 92 445 92 445 92 445 92 444 93 444 93 444 94 444 94 444 95 444 95 444 96 444 96 444 97 444 97 444 98 444 98 444 99 444 99 444 100 444 100 444 101 444 101 444 102 444 102 444 102 444 102 443 103 443 103 443 104 443 104 443 105 443 105 443 105 443 105 442 106 442 106 442 107 442 107 442 107 442 107 441 108 441 108 441 109 441 109 441 109 441 109 440 110 440 110 440 111 440 111 440 111 440 111 439 112 439 112 439 112 439 112 438 113 438 113 438 114 438 114 438 114 438 114 437 115 437 115 437 116 437 116 437 116 437 116 436 117 436 117 436 118 436 118 436 119 436 119 436 119 436 119 435 120 435 120 435 121 435 121 435 122 435 122 435 123 435 123 435 123 435 123 434 124 434 124 434 125 434 125 434 125 434 125 433 126 433 126 433 126 433 126 432 127 432 127 432 127 432 127 431 128 431 128 431 128 431 128 430 129 430 129 430 129 430 129 429 130 429 130 429 130 429 130 428 131 428 131 428 131 428 131 427 132 427 132 427 132 427 132 426 133 426 133 426 133 426 133 425 134 425 134 425 134 425 134 424 135 424 135 424 136 424 136 424 136 424 136 423 137 423 137 423 137 423 137 422 138 422 138 422 138 422 138 421 139 421 139 421 140 421 140 421 140 421 140 420 141 420 141 420 141 420 141 419 142 419 142 419 142 419 142 418 143 418 143 418 143 418 143 417 144 417 144 417 145 417 145 417 145 417 145 416 146 416 146 416 146 416 146 415 147 415 147 415 147 415 147 414 148 414 148 414 148 414 148 413 149 413 149 413 149 413 149 412 150 412 150 412 150 412 150 411 151 411 151 411 151 411 151 410 152 410 152 410 152 410 152 409 153 409 153 409 153 409 153 408 154 408 154 408 154 408 154 407 155 407 155 407 155 407 155 406 156 406 156 406 156 406 156 405 157 405 157 405 157 405 157 404 158 404 158 404 158 404 158 403 159 403 159 403 159 403 159 402 160 402 160 402 160 402 160 401 161 401 161 401 161 401 161 400 161 400 161 399 162 399 162 399 162 399 162 398 163 398 163 398 163 398 163 397 164 397 164 397 164 397 164 396 164 396 164 395 165 395 165 395 165 395 165 394 165 394 165 393 165 393 165 392 166 392 166 392 166 392 166 391 166 391 166 390 166 390 166 389 167 389 167 389 167 389 167 388 168 388 168 388 168 388 168 387 169 387 169 387 170 387 170 387 170 387 170 386 171 386 171 386 172 386 172 386 172 386 172 385 173 385 173 385 173 385 173 384 174 384 174 384 174 384 174 383 174 383 174 382 175 382 175 382 175 382 175 381 175 381 175 380 175 380 175 379 175 379 175 378 175 378 175 377 175 377 175 376 175 376 175 375 175 375 175 374 175 374 175 373 175 373 175 372 176 372 176 372 176 372 176 371 176 371 176 370 176 370 176 369 176 369 176 368 176 368 176 367 176 367 175 367 175 367 175 366 175 366 175 365 175 365 175 364 175 364 
9 252
88 326 89 326 89 326 90 326 90 326 91 326 91 326 91 327 91 327 92 327 92 327 93 327 93 327 94 327 94 327 95 327 95 327 96 327 96 327 97 327 97 327 97 328 97 328 98 328 98 328 98 329 98 329 99 329 99 329 99 330 99 330 100 330 100 330 100 331 100 331 100 332 100 332 101 332 101 332 101 333 101 333 101 334 101 334 101 335 101 335 101 336 101 336 102 336 102 336 102 337 102 337 103 337 103 337 103 338 103 338 104 338 104 338 104 339 104 339 105 339 105 339 106 339 106 339 106 340 106 340 107 340 107 340 108 340 108 340 109 340 109 340 110 340 110 340 111 340 111 340 111 341 111 341 112 341 112 341 113 341 113 341 114 341 114 341 114 342 114 342 115 342 115 342 116 342 116 342 116 343 116 343 117 343 117 343 118 343 118 343 119 343 119 343 119 344 119 344 120 344 120 344 121 344 121 344 122 344 122 344 123 344 123 344 124 344 124 344 124 345 124 345 125 345 125 345 126 345 126 345 127 345 127 345 127 346 127 346 128 346 128 346 129 346 129 346 129 347 129 347 130 347 130 347 131 347 131 347 131 348 131 348 132 348 132 348 133 348 133 348 134 348 134 348 135 348 135 348 135 349 135 349 136 349 136 349 137 349 137 349 138 349 138 349 138 350 138 350 139 350 139 350 140 350 140 350 140 351 140 351 141 351 141 351 142 351 142 351 143 351 143 351 143 352 143 352 144 352 144 352 145 352 145 352 146 352 146 352 146 353 146 353 147 353 147 353 148 353 148 353 148 354 148 354 149 354 149 354 150 354 150 354 151 354 151 354 152 354 152 354 152 355 152 355 153 355 153 355 154 355 154 355 155 355 155 355 156 355 156 355 157 355 157 355 158 355 158 355 159 355 159 355 160 355 160 355 161 355 161 355 161 356 161 356 162 356 162 356 163 356 163 356 164 356 164 356 165 356 165 356 166 356 166 356 167 356 167 356 167 357 167 357 168 357 168 357 168 357 168 356 169 356 169 356 169 357 169 357 170 357 170 357 171 357 171 357 171 358 171 358 171 359 171 359 172 359 172 359 172 360 172 360 173 360 173 360 173 361 173 361 174 361 174 361 174 362 174 362 174 363 174 363 175 363 
10 80
89 251 90 251 90 251 90 251 90 250 91 250 91 250 91 250 91 249 92 249 92 249 92 249 92 248 93 248 93 248 93 248 93 247 94 247 94 247 94 247 94 246 95 246 95 246 95 246 95 245 95 245 95 244 96 244 96 244 96 244 96 243 97 243 97 243 97 243 97 242 98 242 98 242 98 242 98 241 99 241 99 241 99 241 99 240 99 240 99 239 100 239 100 239 100 239 100 238 100 238 100 237 101 237 101 237 101 237 101 236 101 236 101 235 102 235 102 235 102 235 102 234 102 234 102 233 102 233 102 232 102 232 102 231 102 231 102 230 102 230 102 229 102 229 102 228 102 228 102 227 102 227 102 226 102 226 102 225 102 225 
11 246
89 251 89 252 89 252 89 253 89 253 89 254 89 254 89 254 88 254 88 255 88 255 89 255 89 255 89 256 89 256 89 257 89 257 90 257 90 257 90 258 90 258 90 259 90 259 91 259 91 259 91 260 91 260 92 260 92 260 92 261 92 261 93 261 93 261 93 262 93 262 94 262 94 262 94 263 94 263 95 263 95 263 96 263 96 263 96 264 96 264 97 264 97 264 97 265 97 265 98 265 98 265 99 265 99 265 100 265 100 265 101 265 101 265 102 265 102 265 102 265 102 264 103 264 103 264 104 264 104 264 104 264 104 263 105 263 105 263 105 263 105 262 106 262 106 262 106 262 106 261 107 261 107 261 107 261 107 260 107 260 107 259 108 259 108 259 108 259 108 258 109 258 109 258 109 258 109 257 110 257 110 257 111 257 111 257 112 257 112 257 112 257 112 256 113 256 113 256 114 256 114 256 115 256 115 256 116 256 116 256 117 256 117 256 118 256 118 256 119 256 119 256 120 256 120 256 120 256 120 255 121 255 121 255 122 255 122 255 123 255 123 255 123 255 123 254 124 254 124 254 125 254 125 254 125 254 125 253 126 253 126 253 126 253 126 252 127 252 127 252 128 252 128 252 128 252 128 251 129 251 129 251 130 251 130 251 131 251 131 251 132 251 132 251 133 251 133 251 134 251 134 251 135 251 135 251 136 251 136 251 137 251 137 251 137 251 137 250 138 250 138 250 139 250 139 250 140 250 140 250 141 250 141 250 142 250 142 250 143 250 143 250 144 250 144 250 145 250 145 250 146 250 146 250 147 250 147 250 148 250 148 250 148 250 148 249 149 249 149 249 150 249 150 249 151 249 151 249 152 249 152 249 153 249 153 249 154 249 154 249 155 249 155 249 156 249 156 249 156 249 156 248 157 248 157 248 158 248 158 248 159 248 159 248 160 248 160 248 161 248 161 248 162 248 162 248 163 248 163 248 164 248 164 248 165 248 165 248 166 248 166 248 166 248 166 247 167 247 167 247 168 247 168 247 168 247 168 246 168 246 168 245 169 245 169 245 169 245 169 244 170 244 170 244 170 244 170 243 170 243 170 242 170 242 170 241 170 241 170 240 170 240 
12 80
102 224 102 224 102 223 103 223 103 223 103 223 103 222 104 222 104 222 104 222 104 221 105 221 105 221 105 221 105 220 106 220 106 220 107 220 107 220 107 220 107 219 108 219 108 219 109 219 109 219 110 219 110 219 110 219 110 218 111 218 111 218 112 218 112 218 113 218 113 218 114 218 114 218 114 218 114 217 115 217 115 217 116 217 116 217 117 217 117 217 117 217 117 216 118 216 118 216 119 216 119 216 120 216 120 216 121 216 121 216 122 216 122 216 122 216 122 215 123 215 123 215 124 215 124 215 125 215 125 215 126 215 126 215 127 215 127 215 127 215 127 214 128 214 128 214 129 214 129 214 129 214 129 213 130 213 130 213 131 213 
13 130
131 213 132 213 132 213 132 214 132 214 133 214 133 214 134 214 134 214 134 215 134 215 135 215 135 215 136 215 136 215 136 216 136 216 137 216 137 216 138 216 138 216 139 216 139 216 139 217 139 217 140 217 140 217 141 217 141 217 141 218 141 218 142 218 142 218 143 218 143 218 143 219 143 219 144 219 144 219 145 219 145 219 145 220 145 220 146 220 146 220 147 220 147 220 148 220 148 220 148 221 148 221 149 221 149 221 150 221 150 221 151 221 151 221 151 222 151 222 152 222 152 222 153 222 153 222 154 222 154 222 155 222 155 222 155 223 155 223 156 223 156 223 156 224 156 224 157 224 157 224 157 225 157 225 158 225 158 225 158 226 158 226 159 226 159 226 159 227 159 227 160 227 160 227 160 228 160 228 161 228 161 228 161 229 161 229 162 229 162 229 162 230 162 230 163 230 163 230 163 231 163 231 164 231 164 231 164 232 164 232 165 232 165 232 165 233 165 233 166 233 166 233 166 234 166 234 167 234 167 234 167 235 167 235 167 236 167 236 168 236 168 236 168 237 168 237 169 237 169 237 169 238 169 238 170 238 170 238 170 239 
14 244
131 213 131 213 131 212 131 212 131 211 131 211 131 210 131 210 131 209 132 209 132 209 132 209 132 208 132 208 132 207 133 207 133 207 133 207 133 206 134 206 134 206 134 206 134 205 134 205 134 204 135 204 135 204 135 204 135 203 136 203 136 203 136 203 136 202 137 202 137 202 137 202 137 201 137 201 137 200 138 200 138 200 138 200 138 199 138 199 138 198 139 198 139 198 139 198 139 197 139 197 139 196 139 196 139 195 140 195 140 195 140 195 140 194 140 194 140 193 140 193 140 192 141 192 141 192 141 192 141 191 141 191 141 190 141 190 141 189 142 189 142 189 142 189 142 188 142 188 142 187 142 187 142 186 143 186 143 186 143 186 143 185 143 185 143 184 143 184 143 183 144 183 144 183 144 183 144 182 144 182 144 181 145 181 145 181 145 181 145 180 146 180 146 180 146 180 146 179 146 179 146 178 147 178 147 178 147 178 147 177 148 177 148 177 148 177 148 176 148 176 148 175 149 175 149 175 149 175 149 174 150 174 150 174 150 174 150 173 150 173 150 172 151 172 151 172 151 172 151 171 152 171 152 171 152 171 152 170 153 170 153 170 153 170 153 169 153 169 153 168 154 168 154 168 154 168 154 167 155 167 155 167 155 167 155 166 156 166 156 166 156 166 156 165 157 165 157 165 157 165 157 164 158 164 158 164 158 164 158 163 159 163 159 163 159 163 159 162 160 162 160 162 160 162 160 161 161 161 161 161 161 161 161 160 162 160 162 160 162 160 162 159 163 159 163 159 163 159 163 158 163 158 163 157 164 157 164 157 164 157 164 156 165 156 165 156 165 156 165 155 165 155 165 154 166 154 166 154 166 154 166 153 166 153 166 152 166 152 166 151 166 151 166 150 167 150 167 150 167 150 167 149 168 149 168 149 168 149 168 148 169 148 169 148 169 148 169 147 170 147 170 147 171 147 171 147 172 147 172 147 173 147 173 147 174 147 174 147 175 147 175 147 176 147 176 147 177 147 177 147 178 147 178 147 179 147 179 147 180 147 180 147 181 147 181 147 182 147 182 147 183 147 183 147 183 147 183 146 184 146 184 146 185 146 185 146 186 146 
15 357
170 239 171 239 171 239 172 239 172 239 173 239 173 239 173 240 173 240 174 240 174 240 174 241 174 241 175 241 175 241 176 241 176 241 176 242 176 242 176 243 176 243 177 243 177 243 177 244 177 244 178 244 178 244 178 245 178 245 178 246 178 246 178 247 178 247 178 248 178 248 179 248 179 248 179 249 179 249 180 249 180 249 180 250 180 250 181 250 181 250 181 251 181 251 182 251 182 251 182 252 182 252 183 252 183 252 184 252 184 252 185 252 185 252 186 252 186 252 186 253 186 253 187 253 187 253 188 253 188 253 189 253 189 253 189 254 189 254 190 254 190 254 191 254 191 254 191 255 191 255 192 255 192 255 192 256 192 256 193 256 193 256 194 256 194 256 195 256 195 256 195 257 195 257 196 257 196 257 197 257 197 257 197 258 197 258 198 258 198 258 199 258 199 258 200 258 200 258 200 259 200 259 201 259 201 259 202 259 202 259 202 260 202 260 203 260 203 260 204 260 204 260 204 261 204 261 205 261 205 261 206 261 206 261 206 262 206 262 207 262 207 262 207 263 207 263 208 263 208 263 209 263 209 263 209 264 209 264 210 264 210 264 211 264 211 264 211 265 211 265 212 265 212 265 213 265 213 265 213 266 213 266 214 266 214 266 214 267 214 267 215 267 215 267 216 267 216 267 216 268 216 268 217 268 217 268 217 269 217 269 218 269 218 269 219 269 219 269 219 270 219 270 220 270 220 270 220 271 220 271 221 271 221 271 221 272 221 272 222 272 222 272 223 272 223 272 223 273 223 273 224 273 224 273 224 274 224 274 225 274 225 274 225 275 225 275 226 275 226 275 227 275 227 275 227 276 227 276 228 276 228 276 228 277 228 277 229 277 229 277 230 277 230 277 230 278 230 278 231 278 231 278 231 279 231 279 232 279 232 279 232 280 232 280 233 280 233 280 233 281 233 281 234 281 234 281 235 281 235 281 235 282 235 282 236 282 236 282 236 283 236 283 237 283 237 283 238 283 238 283 238 284 238 284 239 284 239 284 239 285 239 285 240 285 240 285 241 285 241 285 241 286 241 286 242 286 242 286 242 287 242 287 243 287 243 287 244 287 244 287 244 288 244 288 245 288 245 288 246 288 246 288 246 289 246 289 247 289 247 289 247 290 247 290 248 290 248 290 249 290 249 290 249 291 249 291 250 291 250 291 250 292 250 292 251 292 251 292 251 293 251 293 252 293 252 293 252 294 252 294 252 295 252 295 253 295 253 295 253 296 253 296 254 296 254 296 254 297 254 297 255 297 255 297 255 298 255 298 256 298 256 298 256 299 256 299 257 299 257 299 257 300 257 300 258 300 258 300 258 301 258 301 259 301 259 301 259 302 259 302 260 302 260 302 260 303 260 303 261 303 261 303 261 304 261 304 262 304 262 304 262 305 262 305 263 305 263 305 263 306 263 306 264 306 264 306 264 307 264 307 264 308 264 308 265 308 265 308 265 309 265 309 266 309 266 309 267 309 267 309 267 310 267 310 268 310 268 310 268 311 268 311 269 311 269 311 270 311 270 311 270 312 270 312 271 312 271 312 271 313 271 313 272 313 272 313 273 313 273 313 274 313 274 313 
16 320
175 363 176 363 176 363 177 363 177 363 177 363 177 362 178 362 178 362 179 362 179 362 179 362 179 361 180 361 180 361 181 361 181 361 181 361 181 360 182 360 182 360 183 360 183 360 184 360 184 360 185 360 185 360 186 360 186 360 187 360 187 360 188 360 188 360 189 360 189 360 190 360 190 360 190 361 190 361 191 361 191 361 192 361 192 361 192 362 192 362 193 362 193 362 193 363 193 363 194 363 194 363 195 363 195 363 195 364 195 364 196 364 196 364 197 364 197 364 197 365 197 365 198 365 198 365 199 365 199 365 200 365 200 365 201 365 201 365 202 365 202 365 203 365 203 365 204 365 204 365 205 365 205 365 206 365 206 365 207 365 207 365 207 366 207 366 208 366 208 366 209 366 209 366 210 366 210 366 211 366 211 366 212 366 212 366 213 366 213 366 214 366 214 366 215 366 215 366 216 366 216 366 217 366 217 366 218 366 218 366 219 366 219 366 220 366 220 366 221 366 221 366 222 366 222 366 223 366 223 366 224 366 224 366 225 366 225 366 226 366 226 366 227 366 227 366 228 366 228 366 229 366 229 366 230 366 230 366 231 366 231 366 232 366 232 366 233 366 233 366 234 366 234 366 235 366 235 366 236 366 236 366 237 366 237 366 238 366 238 366 239 366 239 366 239 366 239 365 240 365 240 365 241 365 241 365 242 365 242 365 243 365 243 365 244 365 244 365 244 365 244 364 245 364 245 364 246 364 246 364 247 364 247 364 247 364 247 363 248 363 248 363 249 363 249 363 249 363 249 362 250 362 250 362 251 362 251 362 252 362 252 362 252 362 252 361 253 361 253 361 254 361 254 361 254 361 254 360 255 360 255 360 256 360 256 360 256 360 256 359 257 359 257 359 258 359 258 359 258 359 258 358 259 358 259 358 260 358 260 358 260 358 260 357 261 357 261 357 262 357 262 357 262 357 262 356 263 356 263 356 263 356 263 355 264 355 264 355 264 355 264 354 265 354 265 354 265 354 265 353 266 353 266 353 266 353 266 352 267 352 267 352 267 352 267 351 267 351 267 350 267 350 267 349 268 349 268 349 268 349 268 348 268 348 268 347 268 347 268 346 268 346 268 345 268 345 268 344 268 344 268 343 268 343 268 342 269 342 269 342 269 342 269 341 269 341 269 340 270 340 270 340 270 340 270 339 271 339 271 339 271 339 271 338 271 338 271 337 272 337 272 337 272 337 272 336 272 336 272 335 272 335 272 334 272 334 272 333 273 333 273 333 273 333 273 332 273 332 273 331 273 331 273 330 273 330 273 329 273 329 273 328 273 328 273 327 273 327 273 326 273 326 273 325 273 325 273 324 273 324 273 323 273 323 273 322 273 322 273 321 273 321 273 320 273 320 273 319 274 319 274 319 274 319 274 318 274 318 274 317 275 317 275 317 275 317 275 316 274 313 
17 80
186 146 187 146 187 146 188 146 188 146 188 147 188 147 189 147 189 147 190 147 190 147 190 148 190 148 191 148 191 148 192 148 192 148 193 148 193 148 194 148 194 148 195 148 195 148 195 149 195 149 196 149 196 149 196 150 196 150 197 150 197 150 197 151 197 151 198 151 198 151 198 152 198 152 198 153 198 153 198 154 198 154 198 155 198 155 198 156 198 156 199 156 199 156 199 157 199 157 199 158 199 158 199 159 199 159 200 159 200 159 200 160 200 160 200 161 200 161 201 161 201 161 201 162 201 162 201 163 201 163 201 164 201 164 201 165 201 165 201 166 201 166 201 167 201 167 201 168 201 168 202 168 202 168 202 169 202 169 202 170 
18 114
186 146 186 146 186 145 186 145 186 144 186 144 186 143 186 143 186 142 186 142 186 141 186 141 186 140 186 140 186 139 186 139 186 138 186 138 186 137 186 137 186 136 186 136 186 135 186 135 186 134 187 134 187 134 187 134 187 133 187 133 187 132 188 132 188 132 188 132 188 131 189 131 189 131 189 131 189 130 190 130 190 130 190 130 190 129 191 129 191 129 191 129 191 128 192 128 192 128 192 128 192 127 193 127 193 127 193 127 193 126 194 126 194 126 194 126 194 125 195 125 195 125 195 125 195 124 196 124 196 124 196 124 196 123 197 123 197 123 197 123 197 122 198 122 198 122 198 122 198 121 199 121 199 121 199 121 199 120 200 120 200 120 200 120 200 119 200 119 200 118 201 118 201 118 201 118 201 117 201 117 201 116 201 116 201 115 201 115 201 114 201 114 201 113 201 113 201 112 201 112 201 111 201 111 201 110 201 110 201 109 202 109 202 109 202 109 202 108 202 108 202 107 202 107 202 106 203 106 
19 554
202 170 202 170 201 170 201 171 201 171 201 171 200 171 200 172 200 172 200 172 199 172 199 172 198 172 198 173 198 173 198 173 197 173 197 173 196 173 196 174 196 174 196 174 195 174 195 174 194 174 194 175 194 175 194 175 193 175 193 175 192 175 192 175 191 175 191 176 191 176 191 176 190 176 190 176 189 176 189 176 188 176 188 177 188 177 188 177 187 177 187 178 187 178 187 178 186 178 186 179 186 179 186 179 185 179 185 180 185 180 185 180 184 180 184 180 183 180 183 181 183 181 183 181 182 181 182 182 182 182 182 182 181 182 181 183 181 183 181 183 180 183 180 183 179 183 179 184 179 184 179 184 178 184 178 184 177 184 177 185 177 185 177 185 176 185 176 185 175 185 175 185 174 185 174 185 173 185 173 185 172 185 172 185 171 185 171 185 170 185 170 186 170 186 170 186 169 186 169 186 168 186 168 187 168 187 168 187 167 187 167 188 167 188 167 188 166 188 166 189 166 189 166 189 165 189 165 190 165 190 165 191 165 191 165 192 165 192 165 193 165 193 165 194 165 194 165 194 164 194 164 195 164 195 164 196 164 196 164 197 164 197 164 198 164 198 164 199 164 199 164 200 164 200 164 201 164 201 164 202 164 202 165 202 165 202 165 203 165 203 165 204 165 204 165 205 165 205 165 206 165 206 166 206 166 206 166 207 166 207 167 207 167 207 167 208 167 208 168 208 168 208 169 208 169 208 170 208 170 208 170 209 170 209 171 209 171 209 172 209 172 209 173 209 173 209 174 209 174 209 175 209 175 209 176 209 176 209 177 209 177 209 178 209 178 209 179 209 179 209 180 209 180 209 181 209 181 209 181 209 181 208 182 208 182 208 183 208 183 208 184 208 184 208 185 208 185 208 186 208 186 208 187 208 187 208 188 208 188 208 189 208 189 208 190 208 190 208 191 208 191 208 192 208 192 208 192 209 192 209 193 209 193 209 194 209 194 209 194 210 194 210 195 210 195 210 195 211 195 211 196 211 196 211 197 211 197 211 197 212 197 212 198 212 198 212 198 213 198 213 199 213 199 213 199 214 199 214 200 214 200 214 200 215 200 215 201 215 201 215 201 216 201 216 201 217 201 217 202 217 202 217 202 218 202 218 202 219 202 219 202 220 202 220 203 220 203 220 203 221 203 221 203 222 203 222 203 223 203 223 203 224 203 224 203 225 203 225 203 226 203 226 203 227 203 227 203 228 203 228 203 229 203 229 204 229 204 229 204 230 204 230 205 230 205 230 205 231 205 231 206 231 206 231 206 232 206 232 207 232 207 232 207 233 207 233 208 233 208 233 209 233 209 233 209 234 209 234 210 234 210 234 211 234 211 234 212 234 212 234 213 234 213 234 213 235 213 235 214 235 214 235 215 235 215 235 216 235 216 235 217 235 217 235 218 235 218 235 219 235 219 235 219 236 219 236 220 236 220 236 221 236 221 236 222 236 222 236 223 236 223 236 224 236 224 236 225 236 225 236 226 236 226 236 227 236 227 236 227 237 227 237 228 237 228 237 229 237 229 237 230 237 230 237 231 237 231 237 232 237 232 237 233 237 233 237 234 237 234 237 235 237 235 237 236 237 236 237 237 237 237 237 237 237 237 236 238 236 238 236 239 236 239 236 240 236 240 236 241 236 241 236 242 236 242 236 243 236 243 236 243 236 243 235 244 235 244 235 245 235 245 235 246 235 246 235 247 235 247 235 248 235 248 235 249 235 249 235 249 235 249 234 250 234 250 234 251 234 251 234 252 234 252 234 252 234 252 233 253 233 253 233 254 233 254 233 255 233 255 233 255 233 255 232 256 232 256 232 257 232 257 232 258 232 258 232 258 232 258 231 259 231 259 231 260 231 260 231 260 231 260 230 261 230 261 230 262 230 262 230 263 230 263 230 263 230 263 229 264 229 264 229 265 229 265 229 266 229 266 229 266 229 266 228 267 228 267 228 268 228 268 228 268 228 268 227 269 227 269 227 270 227 270 227 271 227 271 227 271 227 271 226 272 226 272 226 273 226 273 226 274 226 274 226 275 226 275 226 276 226 276 226 277 226 277 226 278 226 278 226 279 226 279 226 279 227 279 227 280 227 280 227 281 227 281 227 281 228 281 228 282 228 282 228 283 228 283 228 283 229 283 229 284 229 284 229 285 229 285 229 286 229 286 229 287 229 287 229 287 230 287 230 288 230 288 230 289 230 289 230 290 230 290 230 291 230 291 230 292 230 292 230 293 230 293 230 294 230 294 230 295 230 295 230 296 230 296 230 297 230 297 230 298 230 298 230 299 230 299 230 299 230 299 229 300 229 300 229 301 229 301 229 302 229 302 229 303 229 303 229 304 229 304 229 305 229 305 229 306 229 306 229 307 229 307 229 308 229 308 229 309 229 309 229 310 229 310 229 311 229 311 229 312 229 312 229 313 229 313 229 314 229 314 229 314 229 314 228 315 228 315 228 316 228 316 228 317 228 
20 358
202 170 202 171 202 171 203 171 203 171 204 171 204 171 205 171 205 171 205 172 205 172 206 172 206 172 207 172 207 172 208 172 208 172 208 173 208 173 209 173 209 173 209 174 209 174 210 174 210 174 210 175 210 175 210 176 210 176 210 177 210 177 211 177 211 177 211 178 211 178 211 179 211 179 212 179 212 179 212 180 212 180 212 181 212 181 213 181 213 181 213 182 213 182 214 182 214 182 215 182 215 182 215 183 215 183 216 183 216 183 217 183 217 183 217 184 217 184 218 184 218 184 219 184 219 184 219 185 219 185 220 185 220 185 221 185 221 185 221 186 221 186 222 186 222 186 222 187 222 187 223 187 223 187 223 188 223 188 224 188 224 188 224 189 224 189 225 189 225 189 226 189 226 189 226 190 226 190 227 190 227 190 227 191 227 191 228 191 228 191 229 191 229 191 229 192 229 192 230 192 230 192 230 193 230 193 231 193 231 193 231 194 231 194 231 195 231 195 232 195 232 195 232 196 232 196 233 196 233 196 233 197 233 197 234 197 234 197 234 198 234 198 235 198 235 198 235 199 235 199 236 199 236 199 236 200 236 200 237 200 237 200 237 201 237 201 238 201 238 201 239 201 239 201 239 202 239 202 240 202 240 202 241 202 241 202 242 202 242 202 243 202 243 202 244 202 244 202 245 202 245 202 245 202 245 201 246 201 246 201 247 201 247 201 248 201 248 201 249 201 249 201 250 201 250 201 251 201 251 201 252 201 252 201 253 201 253 201 254 201 254 201 254 202 254 202 255 202 255 202 256 202 256 202 257 202 257 202 258 202 258 202 259 202 259 202 260 202 260 202 261 202 261 202 262 202 262 202 263 202 263 202 264 202 264 202 265 202 265 202 266 202 266 202 267 202 267 202 268 202 268 202 269 202 269 202 270 202 270 202 271 202 271 202 272 202 272 202 273 202 273 202 274 202 274 202 275 202 275 202 276 202 276 202 277 202 277 202 278 202 278 202 279 202 279 202 280 202 280 202 281 202 281 202 282 202 282 202 283 202 283 202 284 202 284 202 285 202 285 202 286 202 286 202 287 202 287 202 288 202 288 202 289 202 289 202 290 202 290 202 291 202 291 202 292 202 292 202 293 202 293 202 294 202 294 202 295 202 295 202 296 202 296 202 297 202 297 202 298 202 298 202 298 203 298 203 299 203 299 203 300 203 300 203 300 204 300 204 300 205 300 205 301 205 301 205 302 205 302 205 302 206 302 206 303 206 303 206 303 207 303 207 304 207 304 207 304 208 304 208 305 208 305 208 305 209 305 209 306 209 306 209 307 209 307 209 308 209 308 209 309 209 309 209 309 209 309 208 310 208 310 208 311 208 311 208 312 208 312 208 312 209 312 209 313 209 313 209 314 209 314 209 315 209 315 209 316 209 316 209 316 210 316 210 317 210 317 210 317 211 317 211 318 211 318 211 318 212 318 212 318 213 318 213 318 214 318 214 318 215 318 215 318 216 318 216 318 217 318 217 318 218 318 218 318 219 318 219 318 220 318 220 318 221 318 221 318 222 318 222 318 223 318 223 318 223 317 223 317 224 317 224 317 225 317 225 317 226 317 226 317 227 317 227 317 228 
21 650
203 106 204 106 204 106 205 106 205 106 206 106 206 106 207 106 207 106 208 106 208 106 209 106 209 106 210 106 210 106 211 106 211 106 212 106 212 106 212 106 212 105 213 105 213 105 214 105 214 105 215 105 215 105 216 105 216 105 217 105 217 105 218 105 218 105 218 106 218 106 219 106 219 106 220 106 220 106 221 106 221 106 222 106 222 106 222 107 222 107 223 107 223 107 224 107 224 107 225 107 225 107 226 107 226 107 227 107 227 107 227 108 227 108 228 108 228 108 229 108 229 108 230 108 230 108 231 108 231 108 232 108 232 108 233 108 233 108 234 108 234 108 235 108 235 108 235 108 235 107 236 107 236 107 237 107 237 107 238 107 238 107 239 107 239 107 240 107 240 107 241 107 241 107 242 107 242 107 243 107 243 107 243 108 243 108 244 108 244 108 245 108 245 108 246 108 246 108 247 108 247 108 248 108 248 108 249 108 249 108 250 108 250 108 251 108 251 108 252 108 252 108 252 108 252 107 253 107 253 107 254 107 254 107 255 107 255 107 256 107 256 107 257 107 257 107 258 107 258 107 259 107 259 107 260 107 260 107 261 107 261 107 261 107 261 106 262 106 262 106 263 106 263 106 264 106 264 106 265 106 265 106 266 106 266 106 267 106 267 106 268 106 268 106 269 106 269 106 270 106 270 106 271 106 271 106 272 106 272 106 273 106 273 106 273 107 273 107 274 107 274 107 275 107 275 107 276 107 276 107 277 107 277 107 277 108 277 108 278 108 278 108 279 108 279 108 280 108 280 108 280 109 280 109 281 109 281 109 282 109 282 109 283 109 283 109 284 109 284 109 285 109 285 109 286 109 286 109 287 109 287 109 288 109 288 109 289 109 289 109 290 109 290 109 291 109 291 109 292 109 292 109 293 109 293 109 294 109 294 109 295 109 295 109 295 110 295 110 296 110 296 110 297 110 297 110 298 110 298 110 298 111 298 111 299 111 299 111 299 112 299 112 300 112 300 112 300 113 300 113 300 114 300 114 301 114 301 114 301 115 301 115 302 115 302 115 302 116 302 116 303 116 303 116 303 117 303 117 304 117 304 117 304 118 304 118 305 118 305 118 306 118 306 118 307 118 307 118 307 119 307 119 308 119 308 119 309 119 309 119 310 119 310 119 310 120 310 120 311 120 311 120 311 121 311 121 312 121 312 121 313 121 313 121 313 122 313 122 314 122 314 122 314 123 314 123 315 123 315 123 315 124 315 124 316 124 316 124 317 124 317 124 317 125 317 125 318 125 318 125 318 126 318 126 319 126 319 126 320 126 320 126 320 127 320 127 321 127 321 127 322 127 322 127 322 128 322 128 323 128 323 128 324 128 324 128 325 128 325 128 326 128 326 128 326 128 326 127 327 127 327 127 328 127 328 127 329 127 329 127 330 127 330 127 331 127 331 127 332 127 332 127 333 127 333 127 334 127 334 127 335 127 335 127 335 128 335 128 336 128 336 128 337 128 337 128 338 128 338 128 338 129 338 129 339 129 339 129 340 129 340 129 340 130 340 130 341 130 341 130 342 130 342 130 342 131 342 131 343 131 343 131 344 131 344 131 344 132 344 132 345 132 345 132 346 132 346 132 346 133 346 133 347 133 347 133 348 133 348 133 348 134 348 134 349 134 349 134 350 134 350 134 350 135 350 135 351 135 351 135 352 135 352 135 353 135 353 135 353 136 353 136 354 136 354 136 355 136 355 136 355 137 355 137 356 137 356 137 357 137 357 137 357 138 357 138 358 138 358 138 359 138 359 138 359 139 359 139 360 139 360 139 360 140 360 140 361 140 361 140 362 140 362 140 362 141 362 141 363 141 363 141 363 142 363 142 364 142 364 142 365 142 365 142 365 143 365 143 366 143 366 143 366 144 366 144 367 144 367 144 368 144 368 144 368 145 368 145 369 145 369 145 369 146 369 146 370 146 370 146 371 146 371 146 371 147 371 147 372 147 372 147 372 148 372 148 373 148 373 148 373 149 373 149 374 149 374 149 374 150 374 150 375 150 375 150 375 151 375 151 376 151 376 151 376 152 376 152 377 152 377 152 378 152 378 152 378 153 378 153 379 153 379 153 379 154 379 154 380 154 380 154 380 155 380 155 381 155 381 155 381 156 381 156 382 156 382 156 383 156 383 156 383 157 383 157 384 157 384 157 384 158 384 158 385 158 385 158 385 159 385 159 386 159 386 159 387 159 387 159 387 160 387 160 388 160 388 160 388 161 388 161 389 161 389 161 389 162 389 162 390 162 390 162 390 163 390 163 391 163 391 163 391 164 391 164 392 164 392 164 392 165 392 165 392 166 392 166 393 166 393 166 394 166 394 166 394 167 394 167 395 167 395 167 395 168 395 168 396 168 396 168 396 169 396 169 397 169 397 169 397 170 397 170 398 170 398 170 398 171 398 171 398 172 398 172 399 172 399 172 399 173 399 173 400 173 400 173 400 174 400 174 401 174 401 174 401 175 401 175 401 176 401 176 402 176 402 176 402 177 402 177 403 177 403 177 403 178 403 178 404 178 404 178 404 179 404 179 405 179 405 179 405 180 405 180 406 180 406 180 406 181 406 181 407 181 407 181 407 182 407 182 408 182 408 182 408 183 408 183 408 184 408 184 409 184 409 184 409 185 409 185 410 185 410 185 410 186 410 186 410 187 410 187 411 187 411 187 411 188 411 188 412 188 412 188 412 189 412 189 412 190 412 190 413 190 413 190 413 191 413 191 413 192 413 192 413 193 413 193 413 194 413 194 414 194 414 194 414 195 414 195 414 196 414 196 415 196 415 196 415 197 415 197 415 198 415 198 416 198 416 198 416 199 416 199 417 199 417 199 417 200 417 200 417 201 417 201 418 201 418 201 418 202 418 202 418 203 418 203 418 204 418 204 418 205 418 205 418 206 
22 247
275 316 274 313 275 313 275 313 275 313 275 312 275 312 275 311 275 311 275 310 275 310 275 309 275 309 275 308 275 308 275 307 275 307 275 306 275 306 275 305 275 305 275 304 275 304 275 303 275 303 275 302 275 302 275 301 275 301 275 300 275 300 275 299 275 299 275 298 275 298 275 297 275 297 275 296 276 296 276 296 276 296 276 295 276 295 276 294 276 294 276 293 276 293 276 292 276 292 276 291 276 291 276 290 277 290 277 290 277 290 277 289 277 289 277 288 277 288 277 287 277 287 277 286 278 286 278 286 278 286 278 285 278 285 278 284 279 284 279 284 279 284 279 283 279 283 279 282 280 282 280 282 280 282 280 281 281 281 281 281 281 281 281 280 281 280 281 279 282 279 282 279 282 279 282 278 283 278 283 278 283 278 283 277 283 277 283 276 284 276 284 276 284 276 284 275 285 275 285 275 285 275 285 274 286 274 286 274 286 274 286 273 287 273 287 273 288 273 288 273 288 273 288 272 289 272 289 272 290 272 290 272 290 272 290 271 291 271 291 271 292 271 292 271 293 271 293 271 294 271 294 271 294 271 294 270 295 270 295 270 296 270 296 270 296 270 296 269 297 269 297 269 297 269 297 268 298 268 298 268 299 268 299 268 299 268 299 267 300 267 300 267 300 267 300 266 301 266 301 266 301 266 301 265 302 265 302 265 302 265 302 264 303 264 303 264 303 264 303 263 304 263 304 263 304 263 304 262 305 262 305 262 306 262 306 262 306 262 306 261 307 261 307 261 307 261 307 260 308 260 308 260 309 260 309 260 309 260 309 259 310 259 310 259 310 259 310 258 311 258 311 258 312 258 312 258 312 258 312 257 313 257 313 257 313 257 313 256 314 256 314 256 314 256 314 255 315 255 315 255 316 255 316 255 316 255 316 254 317 254 317 254 317 254 317 253 318 253 318 253 318 253 318 252 319 252 319 252 320 252 320 252 320 252 320 251 321 251 321 251 321 251 321 250 322 250 322 250 322 250 322 249 322 249 322 248 323 248 323 248 323 248 323 247 324 247 324 247 324 247 324 246 324 246 324 245 325 245 325 245 325 245 325 244 325 244 325 243 326 243 326 243 326 243 
23 734
275 316 274 313 275 316 276 316 276 316 276 317 276 317 277 317 277 317 278 317 278 317 279 317 279 317 279 318 279 318 280 318 280 318 281 318 281 318 282 318 282 318 283 318 283 318 284 318 284 318 285 318 285 318 286 318 286 318 286 319 286 319 287 319 287 319 287 320 287 320 288 320 288 320 288 321 288 321 288 322 288 322 289 322 289 322 289 323 289 323 289 324 289 324 290 324 290 324 290 325 290 325 290 326 290 326 291 326 291 326 291 327 291 327 291 328 291 328 292 328 292 328 292 329 292 329 292 330 292 330 292 331 292 331 292 332 292 332 292 333 292 333 292 334 292 334 292 335 292 335 292 336 292 336 292 337 292 337 292 338 292 338 292 339 292 339 292 340 292 340 292 340 291 340 291 341 291 341 291 342 291 342 291 342 290 342 290 343 290 343 290 343 289 343 289 344 289 344 289 344 288 344 288 345 288 345 288 345 287 345 287 346 287 346 287 347 287 347 287 347 286 347 286 348 286 348 286 348 285 348 285 349 285 349 285 349 284 349 284 350 284 350 284 351 284 351 284 351 283 351 283 352 283 352 283 353 283 353 283 353 282 353 282 354 282 354 282 355 282 355 282 355 281 355 281 356 281 356 281 357 281 357 281 357 280 357 280 358 280 358 280 359 280 359 280 359 279 359 279 360 279 360 279 361 279 361 279 362 279 362 279 362 278 362 278 363 278 363 278 364 278 364 278 364 277 364 277 365 277 365 277 366 277 366 277 367 277 367 277 367 276 367 276 368 276 368 276 369 276 369 276 369 275 369 275 370 275 370 275 371 275 371 275 371 274 371 274 372 274 372 274 373 274 373 274 374 274 374 274 374 273 374 273 375 273 375 273 376 273 376 273 376 272 376 272 377 272 377 272 378 272 378 272 378 271 378 271 379 271 379 271 380 271 380 271 380 270 380 270 381 270 381 270 382 270 382 270 383 270 383 270 383 269 383 269 384 269 384 269 385 269 385 269 386 269 386 269 386 268 386 268 387 268 387 268 388 268 388 268 389 268 389 268 389 267 389 267 390 267 390 267 391 267 391 267 392 267 392 267 392 266 392 266 393 266 393 266 394 266 394 266 395 266 395 266 396 266 396 266 397 266 397 266 397 265 397 265 398 265 398 265 399 265 399 265 400 265 400 265 400 264 400 264 401 264 401 264 401 263 401 263 402 263 402 263 402 262 402 262 403 262 403 262 404 262 404 262 405 262 405 262 405 261 405 261 406 261 406 261 407 261 407 261 407 260 407 260 408 260 408 260 409 260 409 260 409 259 409 259 410 259 410 259 411 259 411 259 411 258 411 258 412 258 412 258 413 258 413 258 413 257 413 257 414 257 414 257 415 257 415 257 415 256 415 256 416 256 416 256 416 255 416 255 417 255 417 255 417 254 417 254 418 254 418 254 418 253 418 253 419 253 419 253 419 252 419 252 420 252 420 252 420 251 420 251 421 251 421 251 421 250 421 250 422 250 422 250 422 249 422 249 423 249 423 249 424 249 424 249 424 248 424 248 425 248 425 248 426 248 426 248 426 247 426 247 427 247 427 247 427 246 427 246 428 246 428 246 429 246 429 246 429 245 429 245 430 245 430 245 430 244 430 244 431 244 431 244 431 243 431 243 432 243 432 243 433 243 433 243 433 242 433 242 434 242 434 242 434 241 434 241 435 241 435 241 436 241 436 241 437 241 437 241 438 241 438 241 438 240 438 240 439 240 439 240 440 240 440 240 441 240 441 240 442 240 442 240 443 240 443 240 444 240 444 240 445 240 445 240 446 240 446 240 447 240 447 240 448 240 448 240 449 240 449 240 450 240 450 240 451 240 451 240 452 240 452 240 453 240 453 240 454 240 454 240 455 240 455 240 456 240 456 240 457 240 457 240 458 240 458 240 459 240 459 241 459 241 459 241 460 241 460 242 460 242 460 242 461 242 461 243 461 243 461 243 462 243 462 244 462 244 462 244 463 244 463 245 463 245 463 246 463 246 463 247 463 247 463 248 463 248 463 249 463 249 463 250 463 250 463 250 464 250 464 251 464 251 464 252 464 252 464 253 464 253 464 254 464 254 464 255 464 255 464 256 464 256 464 257 464 257 464 257 464 257 463 258 463 258 463 259 463 259 463 260 463 260 463 260 463 260 462 261 462 261 462 262 462 262 462 262 462 262 461 263 461 263 461 263 461 263 460 264 460 264 460 264 460 264 459 265 459 265 459 265 459 265 458 266 458 266 458 266 458 266 457 267 457 267 457 267 457 267 456 268 456 268 456 268 456 268 455 269 455 269 455 269 455 269 454 270 454 270 454 270 454 270 453 271 453 271 453 271 453 271 452 272 452 272 452 272 452 272 451 273 451 273 451 274 451 274 451 274 451 274 450 275 450 275 450 276 450 276 450 276 450 276 449 277 449 277 449 278 449 278 449 278 449 278 448 279 448 279 448 279 448 279 447 280 447 280 447 280 447 280 446 281 446 281 446 281 446 281 445 281 445 281 444 282 444 282 444 282 444 282 443 282 443 282 442 283 442 283 442 283 442 283 441 283 441 283 440 284 440 284 440 284 440 284 439 284 439 284 438 285 438 285 438 285 438 285 437 285 437 285 436 286 436 286 436 286 436 286 435 287 435 287 435 287 435 287 434 288 434 288 434 288 434 288 433 289 433 289 433 289 433 289 432 290 432 290 432 291 432 291 432 291 432 291 431 292 431 292 431 293 431 293 431 294 431 294 431 295 431 295 431 296 431 296 431 297 431 297 431 297 432 297 432 298 432 298 432 299 432 299 432 299 433 299 433 300 433 300 433 300 434 300 434 301 434 301 434 302 434 302 434 302 435 302 435 303 435 303 435 304 435 304 435 305 435 305 435 305 436 305 436 306 436 306 436 307 436 307 436 308 436 308 436 309 436 309 436 310 436 310 436 311 436 311 436 312 436 312 436 313 436 313 436 314 436 314 436 314 437 314 437 315 437 315 437 316 437 316 437 316 438 316 438 317 438 317 438 318 438 318 438 318 439 318 439 319 439 319 439 319 440 319 440 319 441 319 441 320 441 320 441 320 442 320 442 321 442 321 442 321 443 321 443 321 443 320 443 320 444 320 444 320 445 320 445 320 446 320 446 320 447 320 447 320 448 320 448 320 449 320 449 320 450 320 450 320 451 320 451 320 452 320 452 320 453 320 453 320 454 320 454 320 455 320 455 320 456 320 456 320 457 320 457 320 458 320 458 320 459 320 459 320 460 320 460 321 460 321 460 321 461 321 461 321 462 321 462 321 463 321 463 322 463 
24 46
317 228 317 229 317 229 318 229 318 229 319 229 319 229 319 230 319 230 320 230 320 230 321 230 321 230 321 231 321 231 322 231 322 231 322 232 322 232 323 232 323 232 323 233 323 233 324 233 324 233 324 234 324 234 324 235 324 235 324 236 324 236 324 237 324 237 324 238 324 238 324 239 324 239 325 239 325 239 325 240 325 240 325 241 325 241 325 242 325 242 326 242 
25 224
322 463 323 463 323 463 324 463 324 463 325 463 325 463 326 463 326 463 326 463 326 462 327 462 327 462 328 462 328 462 329 462 329 462 330 462 330 462 330 462 330 461 331 461 331 461 332 461 332 461 332 461 332 460 333 460 333 460 334 460 334 460 334 460 334 459 335 459 335 459 335 459 335 458 336 458 336 458 336 458 336 457 336 457 336 456 337 456 337 456 337 456 337 455 338 455 338 455 338 455 338 454 338 454 338 453 339 453 339 453 339 453 339 452 339 452 339 451 340 451 340 451 340 451 340 450 340 450 340 449 341 449 341 449 341 449 341 448 341 448 341 447 342 447 342 447 342 447 342 446 342 446 342 445 342 445 342 444 343 444 343 444 343 444 343 443 343 443 343 442 343 442 343 441 344 441 344 441 344 441 344 440 344 440 344 439 344 439 344 438 344 438 344 437 344 437 344 436 344 436 344 435 344 435 344 434 344 434 344 433 344 433 344 432 345 432 345 432 345 432 345 431 345 431 345 430 346 430 346 430 346 430 346 429 347 429 347 429 348 429 348 429 348 429 348 428 349 428 349 428 350 428 350 428 350 428 350 427 351 427 351 427 351 427 351 426 352 426 352 426 352 426 352 425 353 425 353 425 353 425 353 424 354 424 354 424 354 424 354 423 355 423 355 423 355 423 355 422 355 422 355 421 355 421 355 420 355 420 355 419 356 419 356 419 356 419 356 418 356 418 356 417 356 417 356 416 356 416 356 415 356 415 356 414 356 414 356 413 356 413 356 412 357 412 357 412 357 412 357 411 357 411 357 410 357 410 357 409 357 409 357 408 358 408 358 408 358 408 358 407 359 407 359 407 359 407 359 406 360 406 360 406 360 406 360 405 361 405 361 405 362 405 362 405 363 405 363 405 364 405 364 405 365 405 365 405 366 405 366 405 367 405 367 405 368 405 368 405 369 405 369 405 370 405 370 405 370 405 370 404 371 404 371 404 372 404 372 404 373 404 373 404 373 404 373 403 374 403 
26 246
322 463 322 464 322 464 322 464 321 464 321 465 321 465 321 466 321 466 321 467 321 467 321 467 320 467 320 468 320 468 320 469 320 469 320 470 320 470 320 470 319 470 319 471 319 471 319 471 318 471 318 472 318 472 318 472 317 472 317 473 317 473 317 473 316 473 316 474 316 474 316 474 315 474 315 474 314 474 314 475 314 475 314 475 313 475 313 476 313 476 313 477 313 477 313 477 312 477 312 478 312 478 312 479 312 479 312 479 311 479 311 480 311 480 311 481 311 481 311 482 311 482 311 483 311 483 311 484 311 484 311 485 311 485 311 486 311 486 311 487 311 487 311 488 311 488 311 489 311 489 311 490 311 490 311 491 311 491 311 492 311 492 311 493 311 493 311 494 311 494 311 495 311 495 311 496 311 496 311 496 310 496 310 497 310 497 310 498 310 498 310 499 310 499 310 500 310 500 310 501 310 501 310 502 310 502 310 503 310 503 310 504 310 504 310 505 310 505 310 506 310 506 310 507 310 507 310 508 310 508 310 509 310 509 310 510 310 510 310 511 310 511 310 512 310 512 310 513 310 513 310 514 310 514 310 515 310 515 310 516 310 516 310 517 310 517 310 518 310 518 310 519 310 519 310 520 310 520 310 521 310 521 310 522 310 522 310 523 310 523 310 524 310 524 310 525 310 525 310 526 310 526 310 527 310 527 310 528 310 528 310 529 310 529 310 529 309 529 309 530 309 530 309 530 308 530 308 531 308 531 308 531 307 531 307 531 306 531 306 532 306 532 306 532 305 532 305 532 304 532 304 532 303 532 303 532 302 532 302 533 302 533 302 533 301 533 301 534 301 534 301 534 300 534 300 535 300 535 300 535 299 535 299 536 299 536 299 536 298 536 298 537 298 537 298 538 298 538 298 538 297 538 297 539 297 539 297 540 297 540 297 540 296 540 296 541 296 541 296 542 296 542 296 543 296 543 296 544 296 544 296 544 295 544 295 545 295 545 295 546 295 546 295 547 295 547 295 548 295 548 295 549 295 549 295 550 295 550 295 551 295 551 295 552 295 552 295 553 295 553 295 554 295 554 295 555 295 555 295 556 295 556 295 557 295 557 295 558 295 558 295 560 
27 34
326 242 327 242 327 242 328 242 328 242 329 242 329 242 330 242 330 242 331 242 331 242 332 242 332 242 333 242 333 242 334 242 334 242 335 242 335 242 336 242 336 242 337 242 337 242 338 242 338 242 339 242 339 242 340 242 340 242 341 242 341 242 342 242 342 242 343 242 
28 222
343 242 344 242 344 242 344 242 344 241 344 241 344 240 344 240 344 239 344 239 344 238 344 238 344 237 344 237 344 236 344 236 344 235 344 235 344 234 345 234 345 234 345 234 345 233 346 233 346 233 346 233 346 232 346 232 346 231 347 231 347 231 347 231 347 230 348 230 348 230 348 230 348 229 349 229 349 229 350 229 350 229 351 229 351 229 351 229 351 228 352 228 352 228 353 228 353 228 353 228 353 227 354 227 354 227 355 227 355 227 355 227 355 226 356 226 356 226 357 226 357 226 358 226 358 226 358 226 358 225 359 225 359 225 360 225 360 225 361 225 361 225 361 225 361 224 362 224 362 224 363 224 363 224 363 224 363 223 364 223 364 223 365 223 365 223 366 223 366 223 366 223 366 222 367 222 367 222 368 222 368 222 368 222 368 221 369 221 369 221 370 221 370 221 370 221 370 220 371 220 371 220 372 220 372 220 373 220 373 220 373 220 373 219 374 219 374 219 375 219 375 219 375 219 375 218 376 218 376 218 377 218 377 218 378 218 378 218 378 218 378 217 379 217 379 217 380 217 380 217 381 217 381 217 381 217 381 216 382 216 382 216 383 216 383 216 384 216 384 216 385 216 385 216 385 216 385 215 386 215 386 215 387 215 387 215 388 215 388 215 388 215 388 214 389 214 389 214 390 214 390 214 391 214 391 214 391 214 391 213 392 213 392 213 393 213 393 213 394 213 394 213 395 213 395 213 396 213 396 213 396 213 396 212 397 212 397 212 397 212 397 211 398 211 398 211 399 211 399 211 399 211 399 210 400 210 400 210 401 210 401 210 401 210 401 209 402 209 402 209 403 209 403 209 403 209 403 208 404 208 404 208 405 208 405 208 406 208 406 208 407 208 407 208 408 208 408 208 409 208 409 208 410 208 410 208 411 208 411 208 412 208 412 208 413 208 413 208 414 208 414 208 414 208 414 207 415 207 415 207 416 207 416 207 417 207 417 207 417 207 417 206 418 206 
29 396
343 242 343 243 343 243 344 243 344 243 344 244 344 244 344 245 344 245 344 246 344 246 345 246 345 246 345 247 345 247 345 248 345 248 345 249 345 249 345 250 345 250 346 250 346 250 346 251 346 251 346 252 346 252 346 253 346 253 347 253 347 253 347 254 347 254 348 254 348 254 348 255 348 255 348 256 348 256 349 256 349 256 349 257 349 257 349 258 349 258 349 259 349 259 350 259 350 259 350 260 350 260 350 261 350 261 351 261 351 261 351 262 351 262 351 263 351 263 352 263 352 263 352 264 352 264 352 265 352 265 352 266 352 266 352 267 352 267 353 267 353 267 353 268 353 268 353 269 353 269 353 270 353 270 353 271 353 271 353 272 353 272 353 273 353 273 353 274 353 274 353 275 353 275 353 276 353 276 353 277 353 277 353 278 353 278 353 279 353 279 353 280 353 280 353 281 353 281 353 282 353 282 354 282 354 282 354 283 354 283 354 284 354 284 354 285 354 285 354 286 354 286 354 287 354 287 354 288 354 288 354 289 354 289 355 289 355 289 355 290 355 290 355 291 355 291 355 292 355 292 355 293 355 293 355 294 355 294 355 295 355 295 355 296 355 296 355 297 355 297 355 298 355 298 355 299 355 299 355 300 355 300 356 300 356 300 356 301 356 301 356 302 356 302 356 303 356 303 356 304 356 304 356 305 356 305 356 306 356 306 356 307 356 307 356 308 356 308 356 309 356 309 356 310 356 310 356 311 356 311 356 312 356 312 356 313 356 313 356 314 356 314 356 315 356 315 356 316 356 316 356 317 356 317 356 318 356 318 356 319 356 319 356 320 356 320 357 320 357 320 357 321 357 321 357 322 357 322 357 323 357 323 357 324 357 324 358 324 358 324 358 325 358 325 358 326 358 326 358 327 358 327 358 328 358 328 359 328 359 328 359 329 359 329 360 329 360 329 360 330 360 330 361 330 361 330 361 331 361 331 362 331 362 331 362 332 362 332 363 332 363 332 364 332 364 332 365 332 365 332 366 332 366 332 367 332 367 332 368 332 368 332 368 333 368 333 369 333 369 333 370 333 370 333 371 333 371 333 371 334 371 334 372 334 372 334 373 334 373 334 373 335 373 335 374 335 374 335 374 336 374 336 374 337 374 337 375 337 375 337 375 338 375 338 376 338 376 338 376 339 376 339 376 340 376 340 376 341 376 341 376 342 376 342 376 343 376 343 376 344 376 344 376 345 376 345 376 346 376 346 376 347 376 347 376 348 376 348 376 349 376 349 376 350 376 350 376 351 376 351 376 352 376 352 376 353 376 353 376 354 376 354 376 355 376 355 376 356 376 356 376 357 376 357 376 358 376 358 376 359 376 359 376 360 376 360 376 360 375 360 375 361 375 361 375 362 375 362 375 363 375 363 375 364 375 364 375 365 375 365 375 366 375 366 375 367 375 367 375 368 375 368 375 369 375 369 375 369 374 369 374 370 374 370 374 371 374 371 374 372 374 372 374 373 374 373 374 374 374 374 374 375 374 375 374 376 374 376 374 377 374 377 374 378 374 378 374 379 374 379 374 380 374 380 374 381 374 381 374 382 374 382 374 383 374 383 374 384 374 384 374 385 374 385 374 386 374 386 374 387 374 387 374 388 374 388 374 389 374 389 374 390 374 390 374 391 374 391 374 392 374 392 374 393 374 393 374 394 374 394 375 394 375 394 375 395 375 395 375 396 375 396 375 397 375 397 375 398 375 398 375 399 375 399 375 400 375 400 375 400 374 400 374 401 374 401 374 402 374 402 374 403 
30 140
374 403 375 403 375 403 376 403 376 403 376 404 376 404 377 404 377 404 378 404 378 404 378 405 378 405 379 405 379 405 380 405 380 405 380 406 380 406 381 406 381 406 382 406 382 406 382 407 382 407 383 407 383 407 384 407 384 407 385 407 385 407 385 408 385 408 386 408 386 408 387 408 387 408 387 409 387 409 388 409 388 409 389 409 389 409 389 410 389 410 390 410 390 410 390 411 390 411 391 411 391 411 391 412 391 412 391 413 391 413 392 413 392 413 392 414 392 414 392 415 392 415 393 415 393 415 393 416 393 416 393 417 393 417 394 417 394 417 394 418 394 418 394 419 394 419 395 419 395 419 395 420 395 420 396 420 396 420 396 421 396 421 397 421 397 421 397 422 397 422 397 423 397 423 398 423 398 423 398 424 398 424 399 424 399 424 399 425 399 425 399 426 399 426 400 426 400 426 400 427 400 427 400 428 400 428 400 429 400 429 400 430 400 430 400 431 400 431 400 432 400 432 400 433 400 433 400 434 400 434 400 435 400 435 400 436 400 436 400 437 400 437 401 437 401 437 401 438 401 438 401 439 401 439 401 440 401 440 402 440 402 440 402 441 402 441 402 442 402 442 402 443 402 443 403 443 403 443 403 444 
31 306
403 444 403 444 402 444 402 445 402 445 402 446 402 446 402 447 402 447 402 448 402 448 402 449 402 449 402 450 402 450 402 451 402 451 402 452 402 452 402 453 402 453 402 454 402 454 402 455 402 455 402 456 402 456 402 457 402 457 402 458 402 458 402 459 402 459 402 460 402 460 402 461 402 461 402 462 402 462 402 463 402 463 402 464 402 464 402 465 402 465 402 466 402 466 402 467 402 467 402 468 402 468 402 469 402 469 402 470 402 470 402 471 402 471 402 472 402 472 402 473 402 473 402 474 402 474 402 475 402 475 402 476 402 476 402 477 402 477 402 478 402 478 402 479 402 479 402 480 402 480 402 481 402 481 402 482 402 482 402 483 402 483 402 484 402 484 402 485 402 485 402 486 402 486 402 487 402 487 402 488 402 488 402 489 402 489 402 490 402 490 402 491 402 491 402 492 402 492 402 493 402 493 402 494 402 494 402 495 402 495 402 496 402 496 402 497 402 497 402 498 402 498 402 498 401 498 401 499 401 499 401 500 401 500 401 501 401 501 401 502 401 502 401 503 401 503 401 503 400 503 400 504 400 504 400 505 400 505 400 506 400 506 400 507 400 507 400 508 400 508 400 508 399 508 399 509 399 509 399 510 399 510 399 511 399 511 399 511 398 511 398 512 398 512 398 512 397 512 397 513 397 513 397 513 396 513 396 514 396 514 396 514 395 514 395 515 395 515 395 515 394 515 394 515 393 515 393 516 393 516 393 516 392 516 392 517 392 517 392 517 391 517 391 518 391 518 391 519 391 519 391 519 390 519 390 520 390 520 390 520 389 520 389 521 389 521 389 522 389 522 389 522 388 522 388 523 388 523 388 523 387 523 387 524 387 524 387 524 386 524 386 525 386 525 386 526 386 526 386 526 385 526 385 527 385 527 385 527 384 527 384 528 384 528 384 528 383 528 383 529 383 529 383 530 383 530 383 530 382 530 382 531 382 531 382 531 381 531 381 532 381 532 381 532 380 532 380 533 380 533 380 534 380 534 380 534 379 534 379 535 379 535 379 535 378 535 378 536 378 536 378 536 377 536 377 537 377 537 377 537 376 537 376 538 376 538 376 538 375 538 375 539 375 539 375 539 374 539 374 539 373 539 373 540 373 540 373 540 372 540 372 541 372 541 372 541 371 541 371 542 371 542 371 542 370 542 370 542 369 542 369 543 369 543 369 543 368 543 368 544 368 544 368 544 367 544 367 545 367 545 367 545 366 545 366 546 366 546 366 547 366 547 366 547 365 547 365 548 365 548 365 549 365 549 365 550 365 550 365 551 365 551 365 552 365 552 365 553 365 553 365 554 365 554 365 555 365 555 365 556 365 556 365 557 365 557 365 558 365 558 365 560 
32 56
403 444 404 444 404 444 405 444 405 444 406 444 406 444 407 444 407 444 408 444 408 444 409 444 409 444 410 444 410 444 411 444 411 444 412 444 412 444 413 444 413 444 414 444 414 444 415 444 415 444 416 444 416 444 417 444 417 444 418 444 418 444 419 444 419 444 420 444 420 444 420 444 420 443 421 443 421 443 422 443 422 443 423 443 423 443 424 443 424 443 425 443 425 443 426 443 426 443 427 443 427 443 428 443 428 443 429 443 429 443 430 443 
33 126
418 206 419 206 419 206 419 207 419 207 420 207 420 207 421 207 421 207 421 208 421 208 422 208 422 208 423 208 423 208 424 208 424 208 425 208 425 208 425 209 425 209 426 209 426 209 427 209 427 209 428 209 428 209 428 210 428 210 429 210 429 210 430 210 430 210 431 210 431 210 432 210 432 210 433 210 433 210 434 210 434 210 435 210 435 210 436 210 436 210 437 210 437 210 438 210 438 210 439 210 439 210 440 210 440 210 441 210 441 210 442 210 442 210 443 210 443 210 443 211 443 211 444 211 444 211 445 211 445 211 446 211 446 211 447 211 447 211 448 211 448 211 449 211 449 211 450 211 450 211 451 211 451 211 452 211 452 211 453 211 453 211 453 211 453 210 454 210 454 210 455 210 455 210 456 210 456 210 457 210 457 210 458 210 458 210 458 210 458 209 459 209 459 209 460 209 460 209 461 209 461 209 462 209 462 209 463 209 463 209 464 209 464 209 464 209 464 208 465 208 465 208 466 208 466 208 467 208 467 208 468 208 468 208 469 208 469 208 470 208 470 208 470 208 470 207 471 207 471 207 472 207 
34 422
430 443 431 443 431 443 431 444 431 444 431 445 431 445 431 446 431 446 431 447 431 447 431 448 431 448 432 448 432 448 432 449 432 449 432 450 432 450 432 451 432 451 432 452 432 452 433 452 433 452 433 453 433 453 433 454 433 454 434 454 434 454 434 455 434 455 435 455 435 455 435 456 435 456 435 457 435 457 436 457 436 457 436 458 436 458 437 458 437 458 437 459 437 459 438 459 438 459 438 460 438 460 439 460 439 460 439 461 439 461 440 461 440 461 440 462 440 462 440 463 440 463 441 463 441 463 441 464 441 464 442 464 442 464 442 465 442 465 442 466 442 466 443 466 443 466 443 467 443 467 443 468 443 468 444 468 444 468 444 469 444 469 444 470 444 470 444 471 444 471 445 471 445 471 445 472 445 472 445 473 445 473 446 473 446 473 446 474 446 474 446 475 446 475 447 475 447 475 447 476 447 476 447 477 447 477 448 477 448 477 448 478 448 478 448 479 448 479 449 479 449 479 449 480 449 480 449 481 449 481 450 481 450 481 450 482 450 482 450 483 450 483 450 484 450 484 450 485 450 485 451 485 451 485 451 486 451 486 451 487 451 487 452 487 452 487 452 488 452 488 452 489 452 489 453 489 453 489 453 490 453 490 453 491 453 491 453 492 453 492 453 493 453 493 453 494 453 494 453 495 453 495 453 496 453 496 453 497 453 497 453 498 453 498 453 499 453 499 453 500 453 500 453 501 453 501 453 502 453 502 453 503 453 503 454 503 454 503 454 504 454 504 454 505 454 505 454 506 454 506 454 507 454 507 455 507 455 507 455 508 455 508 455 509 455 509 456 509 456 509 456 510 456 510 456 511 456 511 457 511 457 511 457 512 457 512 457 513 457 513 458 513 458 513 458 514 458 514 459 514 459 514 460 514 460 514 461 514 461 514 462 514 462 514 462 514 462 513 463 513 463 513 463 513 463 512 463 512 463 511 463 511 463 510 463 510 463 509 463 509 463 508 463 508 463 507 463 507 463 506 463 506 463 505 464 505 464 505 464 505 464 504 464 504 464 503 464 503 464 502 464 502 464 501 465 501 465 501 465 501 465 500 465 500 465 499 465 499 465 498 465 498 465 497 465 497 465 496 465 496 465 495 465 495 465 494 465 494 465 493 465 493 465 492 466 492 466 492 466 492 466 491 466 491 466 490 466 490 466 489 466 489 466 488 466 488 466 487 466 487 466 486 466 486 466 485 466 485 466 484 466 484 466 483 466 483 466 482 466 482 466 481 466 481 466 480 466 480 466 479 466 479 466 478 466 478 466 477 466 477 466 476 466 476 466 475 466 475 466 474 467 474 467 474 467 474 467 473 467 473 467 472 467 472 467 471 467 471 467 470 467 470 467 469 467 469 467 468 467 468 467 467 467 467 467 466 467 466 467 465 467 465 467 464 467 464 467 463 467 463 467 462 467 462 467 461 467 461 467 460 467 460 467 459 467 459 467 458 467 458 467 457 467 457 467 456 467 456 467 455 467 455 467 454 468 454 468 454 468 454 468 453 468 453 468 452 468 452 468 451 468 451 468 450 468 450 468 449 468 449 467 449 467 449 467 448 467 448 467 447 467 447 467 446 467 446 467 445 467 445 467 444 467 444 466 444 466 444 466 443 466 443 466 442 466 442 466 441 466 441 466 440 466 440 465 440 465 440 465 439 465 439 465 438 465 438 465 437 465 437 465 436 465 436 465 435 465 435 465 434 465 434 465 433 465 433 464 433 464 433 464 432 464 432 464 431 464 431 463 431 463 431 463 430 463 430 463 429 463 429 462 429 462 429 462 428 462 428 461 428 461 428 461 427 461 427 460 427 460 427 460 426 460 426 459 426 459 426 459 425 459 425 459 424 459 424 458 424 458 424 458 423 458 423 
35 98
430 443 430 443 430 442 431 442 431 442 431 442 431 441 431 441 431 440 431 440 431 439 432 439 432 439 432 439 432 438 432 438 432 437 432 437 432 436 432 436 432 435 432 435 432 434 432 434 432 433 432 433 432 432 432 432 432 431 433 431 433 431 433 431 433 430 434 430 434 430 434 430 434 429 435 429 435 429 435 429 435 428 436 428 436 428 436 428 436 427 437 427 437 427 438 427 438 427 439 427 439 427 440 427 440 427 441 427 441 427 441 427 441 426 442 426 442 426 443 426 443 426 443 426 443 425 444 425 444 425 445 425 445 425 445 425 445 424 446 424 446 424 447 424 447 424 447 424 447 423 448 423 448 423 449 423 449 423 450 423 450 423 450 423 450 422 451 422 451 422 452 422 452 422 453 422 453 422 454 422 454 422 455 422 455 422 456 422 456 422 457 422 457 422 458 422 
36 220
458 422 458 422 458 421 458 421 458 420 459 420 459 420 459 420 459 419 460 419 460 419 460 419 460 418 461 418 461 418 461 418 461 417 462 417 462 417 462 417 462 416 463 416 463 416 463 416 463 415 464 415 464 415 464 415 464 414 465 414 465 414 466 414 466 414 467 414 467 414 467 414 467 413 468 413 468 413 468 413 468 412 469 412 469 412 470 412 470 412 470 412 470 411 471 411 471 411 471 411 471 410 472 410 472 410 472 410 472 409 472 409 472 408 473 408 473 408 473 408 473 407 474 407 474 407 474 407 474 406 474 406 474 405 475 405 475 405 475 405 475 404 475 404 475 403 476 403 476 403 476 403 476 402 477 402 477 402 478 402 478 402 478 402 478 401 479 401 479 401 479 401 479 400 480 400 480 400 480 400 480 399 480 399 480 398 481 398 481 398 481 398 481 397 482 397 482 397 482 397 482 396 483 396 483 396 483 396 483 395 483 395 483 394 484 394 484 394 484 394 484 393 484 393 484 392 485 392 485 392 485 392 485 391 486 391 486 391 486 391 486 390 487 390 487 390 487 390 487 389 488 389 488 389 488 389 488 388 489 388 489 388 489 388 489 387 490 387 490 387 490 387 490 386 490 386 490 385 491 385 491 385 491 385 491 384 492 384 492 384 492 384 492 383 493 383 493 383 493 383 493 382 494 382 494 382 494 382 494 381 495 381 495 381 495 381 495 380 496 380 496 380 497 380 497 380 497 380 497 379 498 379 498 379 498 379 498 378 499 378 499 378 499 378 499 377 500 377 500 377 500 377 500 376 501 376 501 376 501 376 501 375 501 375 501 374 501 374 501 373 502 373 502 373 502 373 502 372 502 372 502 371 502 371 502 370 502 370 502 369 502 369 502 368 503 368 503 368 503 368 503 367 503 367 503 366 504 366 504 366 504 366 504 365 505 365 505 365 505 365 505 364 506 364 506 364 506 364 506 363 507 363 507 363 507 363 507 362 508 362 
37 386
472 207 473 207 473 207 473 208 473 208 474 208 474 208 474 209 474 209 475 209 475 209 475 210 475 210 476 210 476 210 476 211 476 211 476 212 476 212 477 212 477 212 477 213 477 213 477 214 477 214 477 215 477 215 477 216 477 216 477 217 477 217 477 218 477 218 477 219 477 219 477 220 477 220 477 221 477 221 478 221 478 221 478 222 478 222 478 223 478 223 479 223 479 223 479 224 479 224 479 225 479 225 480 225 480 225 480 226 480 226 480 227 480 227 481 227 481 227 481 228 481 228 482 228 482 228 482 229 482 229 483 229 483 229 483 230 483 230 484 230 484 230 484 231 484 231 485 231 485 231 486 231 486 231 486 232 486 232 487 232 487 232 487 233 487 233 488 233 488 233 488 234 488 234 489 234 489 234 489 235 489 235 490 235 490 235 490 236 490 236 490 237 490 237 491 237 491 237 491 238 491 238 491 239 491 239 491 240 491 240 491 241 491 241 491 242 491 242 491 243 491 243 491 244 491 244 491 245 491 245 491 246 491 246 491 247 491 247 492 247 492 247 492 248 492 248 492 249 492 249 492 250 492 250 492 251 492 251 492 252 492 252 492 253 492 253 492 254 492 254 492 255 492 255 492 256 492 256 492 257 492 257 492 258 492 258 492 259 492 259 492 260 492 260 493 260 493 260 493 261 493 261 493 262 493 262 493 263 493 263 493 264 493 264 494 264 494 264 494 265 494 265 494 265 493 265 493 266 493 266 493 267 493 267 493 268 493 268 493 269 493 269 493 270 493 270 493 271 493 271 493 272 493 272 493 273 493 273 493 274 493 274 493 275 493 275 493 276 493 276 493 277 493 277 493 278 493 278 493 279 493 279 493 280 493 280 493 281 493 281 493 282 493 282 494 282 494 282 494 283 494 283 494 284 494 284 494 285 494 285 494 286 494 286 495 286 495 286 495 287 495 287 495 288 495 288 495 289 495 289 495 290 495 290 496 290 496 290 496 291 496 291 496 292 496 292 497 292 497 292 497 293 497 293 498 293 498 293 498 294 498 294 499 294 499 294 499 295 499 295 500 295 500 295 500 296 500 296 501 296 501 296 501 297 501 297 501 298 501 298 502 298 502 298 502 299 502 299 502 300 502 300 502 301 502 301 502 302 502 302 502 303 502 303 502 304 502 304 502 305 502 305 502 306 502 306 502 307 502 307 502 308 502 308 502 309 502 309 502 310 502 310 502 311 502 311 502 312 502 312 502 313 502 313 502 314 502 314 502 315 502 315 503 315 503 315 503 316 503 316 503 317 503 317 504 317 504 317 504 318 504 318 504 319 504 319 504 320 504 320 505 320 505 320 505 321 505 321 505 322 505 322 505 323 505 323 505 324 505 324 505 325 505 325 505 326 505 326 505 327 505 327 506 327 506 327 506 328 506 328 506 329 506 329 506 330 506 330 507 330 507 330 507 331 507 331 507 332 507 332 507 333 507 333 508 333 508 333 508 334 508 334 508 335 508 335 508 336 508 336 508 337 508 337 508 338 508 338 508 339 508 339 508 340 508 340 508 341 508 341 508 342 508 342 508 343 508 343 508 344 508 344 508 345 508 345 508 346 508 346 508 347 508 347 508 348 508 348 508 349 508 349 508 350 508 350 508 351 508 351 508 352 508 352 508 353 508 353 508 354 508 354 508 355 508 355 508 356 508 356 508 357 508 357 508 358 508 358 508 359 508 359 508 360 508 360 508 361 508 361 508 362 
38 434
472 207 472 207 472 206 472 206 472 205 472 205 472 204 472 204 472 203 472 203 472 202 472 202 472 201 472 201 472 200 472 200 472 199 472 199 472 198 472 198 472 197 472 197 472 196 472 196 472 195 472 195 472 194 472 194 472 193 472 193 472 192 472 192 472 191 472 191 471 191 471 191 471 190 471 190 471 189 471 189 471 188 471 188 471 187 471 187 471 186 471 186 471 185 471 185 471 184 471 184 471 183 471 183 471 182 471 182 471 181 471 181 471 180 471 180 471 179 471 179 471 178 472 178 472 178 472 178 472 177 472 177 472 176 472 176 472 175 472 175 472 174 472 174 472 173 472 173 472 172 472 172 472 171 472 171 472 170 472 170 471 170 471 170 471 169 471 169 471 168 471 168 471 167 471 167 471 166 471 166 470 166 470 166 470 165 470 165 470 164 470 164 469 164 469 164 469 163 469 163 469 162 469 162 469 161 469 161 468 161 468 161 468 160 468 160 468 159 468 159 468 158 468 158 467 158 467 158 467 157 467 157 467 156 467 156 467 155 467 155 467 154 467 154 466 154 466 154 466 153 466 153 466 152 466 152 466 151 466 151 466 150 466 150 465 150 465 150 465 149 465 149 465 148 465 148 464 148 464 148 464 147 464 147 464 146 464 146 463 146 463 146 463 145 463 145 462 145 462 145 462 144 462 144 462 143 462 143 461 143 461 143 461 142 461 142 461 141 461 141 461 140 461 140 460 140 460 140 460 139 460 139 460 138 460 138 460 137 461 137 461 137 461 137 461 136 461 136 461 135 462 135 462 135 462 135 462 134 463 134 463 134 463 134 463 133 464 133 464 133 465 133 465 133 466 133 466 133 466 133 466 132 467 132 467 132 468 132 468 132 469 132 469 132 470 132 470 132 471 132 471 132 472 132 472 132 472 132 472 131 473 131 473 131 474 131 474 131 475 131 475 131 475 131 475 130 476 130 476 130 477 130 477 130 478 130 478 130 478 130 478 129 479 129 479 129 480 129 480 129 480 129 480 128 481 128 481 128 482 128 482 128 483 128 483 128 483 128 483 127 484 127 484 127 485 127 485 127 485 127 485 126 486 126 486 126 487 126 487 126 487 126 487 125 488 125 488 125 489 125 489 125 489 125 489 124 490 124 490 124 491 124 491 124 491 124 491 123 492 123 492 123 493 123 493 123 493 123 493 122 494 122 494 122 495 122 495 122 496 122 496 122 496 122 496 121 497 121 497 121 498 121 498 121 499 121 499 121 499 121 499 120 500 120 500 120 501 120 501 120 502 120 502 120 502 120 502 119 503 119 503 119 504 119 504 119 504 119 504 118 505 118 505 118 506 118 506 118 507 118 507 118 507 118 507 117 508 117 508 117 509 117 509 117 510 117 510 117 511 117 511 117 511 117 511 116 512 116 512 116 513 116 513 116 514 116 514 116 514 116 514 115 515 115 515 115 516 115 516 115 516 115 516 114 517 114 517 114 517 114 517 113 518 113 518 113 519 113 519 113 519 113 519 112 520 112 520 112 521 112 521 112 521 112 521 111 522 111 522 111 523 111 523 111 524 111 524 111 525 111 525 111 526 111 526 111 527 111 527 111 528 111 528 111 529 111 529 111 530 111 530 111 531 111 531 111 532 111 532 111 533 111 533 111 534 111 534 111 534 111 534 110 535 110 535 110 536 110 536 110 537 110 537 110 537 111 537 111 538 111 538 111 539 111 539 111 540 111 540 111 541 111 541 111 542 111 542 111 542 112 542 112 543 112 543 112 544 112 544 112 544 113 544 113 545 113 545 113 546 113 546 113 546 114 546 114 547 114 547 114 548 114 548 114 549 114 549 114 549 115 549 115 550 115 550 115 551 115 551 115 551 116 551 116 552 116 552 116 553 116 553 116 554 116 554 116 555 116 555 116 556 116 556 116 557 116 557 116 558 116 558 116 559 116 559 116 561 116 
39 64
508 362 508 363 508 363 509 363 509 363 509 364 509 364 510 364 510 364 511 364 511 364 511 365 511 365 512 365 512 365 513 365 513 365 514 365 514 365 515 365 515 365 515 366 515 366 516 366 516 366 517 366 517 366 518 366 518 366 519 366 519 366 520 366 520 366 521 366 521 366 522 366 522 366 523 366 523 366 524 366 524 366 524 367 524 367 525 367 525 367 526 367 526 367 527 367 527 367 528 367 528 367 529 367 529 367 530 367 530 367 531 367 531 367 532 367 532 367 533 367 533 367 534 367 534 367 535 367 
40 54
535 367 536 367 536 367 536 367 536 366 537 366 537 366 538 366 538 366 539 366 539 366 540 366 540 366 541 366 541 366 542 366 542 366 543 366 543 366 544 366 544 366 545 366 545 366 545 367 545 367 546 367 546 367 547 367 547 367 548 367 548 367 549 367 549 367 550 367 550 367 551 367 551 367 552 367 552 367 553 367 553 367 554 367 554 367 555 367 555 367 556 367 556 367 557 367 557 367 558 367 558 367 559 367 559 367 561 367 
41 354
535 367 535 368 535 368 535 369 535 369 535 370 535 370 535 371 535 371 535 372 535 372 535 373 535 373 535 374 535 374 535 375 535 375 535 376 535 376 535 377 535 377 535 378 535 378 535 379 535 379 535 380 535 380 535 381 535 381 535 382 535 382 535 382 534 382 534 383 534 383 534 384 534 384 534 384 533 384 533 385 533 385 533 386 533 386 533 387 533 387 533 387 532 387 532 388 532 388 532 389 532 389 532 389 531 389 531 390 531 390 531 391 531 391 531 391 530 391 530 392 530 392 530 393 530 393 530 393 529 393 529 394 529 394 529 395 529 395 529 395 528 395 528 396 528 396 528 397 528 397 528 398 528 398 528 398 527 398 527 399 527 399 527 400 527 400 527 401 527 401 527 402 527 402 527 403 527 403 527 404 527 404 527 405 527 405 527 406 527 406 527 407 527 407 527 408 527 408 527 409 527 409 527 410 527 410 527 411 527 411 527 411 526 411 526 412 526 412 526 413 526 413 526 414 526 414 526 415 526 415 526 415 525 415 525 416 525 416 525 417 525 417 525 418 525 418 525 419 525 419 525 420 525 420 525 421 525 421 525 421 524 421 524 422 524 422 524 423 524 423 524 423 523 423 523 424 523 424 523 424 522 424 522 424 521 424 521 425 521 425 521 425 520 425 520 425 519 425 519 426 519 426 519 426 518 426 518 427 518 427 518 427 517 427 517 427 516 427 516 428 516 428 516 429 516 429 516 429 515 429 515 430 515 430 515 431 515 431 515 431 514 431 514 432 514 432 514 433 514 433 514 434 514 434 514 435 514 435 514 436 514 436 514 437 514 437 514 438 514 438 514 439 514 439 514 440 514 440 514 441 514 441 514 441 513 441 513 442 513 442 513 443 513 443 513 444 513 444 513 445 513 445 513 446 513 446 513 447 513 447 513 448 513 448 513 449 513 449 513 450 513 450 513 451 513 451 513 452 513 452 513 453 513 453 513 454 513 454 513 455 513 455 513 456 513 456 513 457 513 457 513 458 513 458 513 459 513 459 513 460 513 460 513 461 513 461 514 461 514 461 514 462 514 462 515 462 515 462 515 463 515 463 515 464 515 464 516 464 516 464 516 465 516 465 517 465 517 465 518 465 518 465 518 466 518 466 519 466 519 466 520 466 520 466 521 466 521 466 522 466 522 466 522 467 522 467 523 467 523 467 524 467 524 467 525 467 525 467 526 467 526 467 527 467 527 467 528 467 528 467 529 467 529 467 530 467 530 467 530 468 530 468 531 468 531 468 532 468 532 468 533 468 533 468 534 468 534 468 535 468 535 468 535 468 535 467 536 467 536 467 537 467 537 467 538 467 538 467 538 467 538 466 539 466 539 466 540 466 540 466 540 466 540 465 541 465 541 465 542 465 542 465 543 465 543 465 543 465 543 464 544 464 544 464 545 464 545 464 546 464 546 464 546 464 546 463 547 463 547 463 548 463 548 463 549 463 549 463 549 463 549 462 550 462 550 462 551 462 551 462 551 462 551 461 552 461 552 461 553 461 553 461 554 461 554 461 555 461 555 461 556 461 556 461 557 461 557 461 558 461 558 461 559 461 559 461 561 461 
CtrlSeqSet
42
0 1
7 98 0 
1 6
7 98 0 49 96 0 90 88 0 140 84 0 183 91 0 205 100 0 
2 35
7 98 0 12 104 0 36 108 0 17 120 0 13 135 0 18 146 0 31 136 0 37 131 0 44 127 0 53 125 0 62 127 0 69 131 0 76 135 0 83 139 0 90 143 0 100 144 0 108 147 0 109 157 0 107 166 0 99 169 0 83 165 0 75 167 0 68 174 0 67 181 0 59 184 0 50 180 0 36 182 0 33 198 0 39 212 0 49 221 0 61 222 0 67 223 0 77 224 0 88 222 0 102 224 0 
3 5
67 312 0 47 340 0 28 371 0 4 397 0 0 398 0 
4 2
67 312 0 88 326 0 
5 3
67 312 0 75 273 0 76 251 0 
6 2
76 250 0 89 251 0 
7 3
76 250 0 43 233 0 0 235 0 
8 26
88 326 0 73 333 0 68 351 0 62 364 0 42 391 0 65 397 0 96 370 0 111 368 0 103 382 0 90 405 0 82 419 0 69 428 0 56 438 0 42 450 0 32 471 0 57 469 0 71 461 0 84 451 0 99 444 0 115 437 0 129 429 0 142 419 0 153 408 0 164 397 0 174 384 0 180 369 0 
9 4
88 326 0 120 344 0 159 355 0 180 369 0 
10 2
89 251 0 102 225 0 
11 4
89 251 0 114 256 0 156 249 0 183 251 0 
12 2
102 224 0 131 213 0 
13 3
131 213 0 163 231 0 183 251 0 
14 4
131 213 0 146 179 0 171 158 0 182 158 0 
15 5
183 251 0 200 259 0 231 278 0 258 301 0 274 313 0 
16 11
180 369 0 192 368 0 199 365 0 214 366 0 230 366 0 244 364 0 256 360 0 265 353 0 274 345 0 278 335 0 274 313 0 
17 2
182 158 0 203 164 0 
18 3
182 158 0 201 112 0 205 100 0 
19 22
202 170 0 194 175 0 185 180 0 177 195 0 166 198 0 155 205 0 164 210 0 181 209 0 193 209 0 201 215 0 191 225 0 209 234 0 220 236 0 233 237 0 244 235 0 255 233 0 265 229 0 276 226 0 286 229 0 299 230 0 311 229 0 317 228 0 
20 5
203 164 0 230 192 0 267 202 0 309 209 0 317 228 0 
21 8
205 100 0 246 105 0 288 105 0 326 120 0 360 139 0 388 161 0 411 188 0 424 213 0 
22 11
275 316 0 275 303 0 276 292 0 279 283 0 284 276 0 292 271 0 300 267 0 306 262 0 313 257 0 320 252 0 326 243 0 
23 26
275 316 0 291 314 0 295 321 0 291 341 0 285 349 0 280 359 0 276 369 0 271 379 0 267 389 0 264 401 0 259 410 0 253 419 0 247 427 0 241 436 0 240 449 0 235 474 0 246 477 0 264 460 0 271 452 0 280 447 0 285 437 0 294 431 0 304 435 0 319 425 0 320 446 0 330 470 0 
24 2
317 228 0 326 242 0 
25 4
330 470 0 344 436 0 363 405 0 374 404 0 
26 11
330 470 0 318 475 0 308 482 0 315 491 0 306 511 0 313 521 0 310 531 0 299 536 0 296 546 0 288 554 0 295 560 0 
27 2
326 242 0 345 233 0 
28 4
345 233 0 371 220 0 402 212 0 424 213 0 
29 5
345 233 0 353 282 0 358 326 0 376 358 0 374 404 0 
30 5
374 404 0 382 407 0 392 416 0 401 439 0 411 451 0 
31 9
411 451 0 408 466 0 402 485 0 400 504 0 392 517 0 383 529 0 373 540 0 360 550 0 334 564 0 
32 2
411 451 0 428 436 0 
33 3
424 213 0 461 209 0 472 207 0 
34 6
428 436 0 450 480 0 466 530 0 467 474 0 463 430 0 458 423 0 
35 2
428 436 0 458 422 0 
36 11
458 422 0 463 416 0 472 411 0 491 413 0 505 413 0 513 404 0 512 391 0 510 384 0 506 375 0 503 368 0 508 362 0 
37 9
472 207 0 479 225 0 493 247 0 494 274 0 477 281 0 487 293 0 476 312 0 470 342 0 508 362 0 
38 11
472 207 0 471 187 0 474 164 0 460 160 0 461 136 0 477 130 0 491 123 0 507 118 0 522 111 0 542 111 0 561 116 0 
39 2
508 362 0 535 367 0 
40 2
535 367 0 561 367 0 
41 11
535 367 0 534 384 0 528 395 0 527 411 0 522 424 0 513 437 0 505 464 0 517 468 0 530 468 0 544 464 0 561 461 0 
IfSplit
26
1 1 1 1 1 1 1 1 1 1 1 1 1 1 1 1 1 1 1 1 1 1 1 1 1 1 
jpt
26
7.5 98.5 0 67 312 0 76.5 250.5 0 88.5 326.5 0 89.5 251.5 0 102.5 224.5 0 131.5 213.5 0 183 251 0 180 369 0 182 158 0 203 164 0 205 100 0 274.5 313.5 0 275.5 316.5 0 317.5 228.5 0 330 470 0 326.5 242.5 0 345 233 0 374 404 0 411 451 0 424 213 0 428 436 0 458.5 422.5 0 472.5 207.5 0 508.5 362.5 0 535.5 367.5 0 
Seqid
26
2943760 2943760 2943760 2943760 2943760 2943760 2943760 2943760 2943760 2943760 2943760 2943760 2943760 2943760 2943760 2943760 2943760 2943760 2943760 2943760 2943760 2943760 2943760 2943760 2943760 2943760 
splineid
26
0 3
0 1 2 
1 3
3 4 5 
2 3
5 6 7 
3 3
4 8 9 
4 3
6 10 11 
5 3
2 10 12 
6 3
12 13 14 
7 3
11 13 15 
8 3
8 9 16 
9 3
14 17 18 
10 3
17 19 20 
11 3
1 18 21 
12 4
15 16 22 23 
13 4
15 16 22 23 
14 3
19 20 24 
15 3
23 25 26 
16 3
22 24 27 
17 3
27 28 29 
18 3
25 29 30 
19 3
30 31 32 
20 3
21 28 33 
21 3
32 34 35 
22 3
34 35 36 
23 3
33 37 38 
24 3
36 37 39 
25 3
39 40 41 
