CircularSet
15
0 0 0 0 0 0 0 0 0 0 0 0 0 0 0 
ParaSet
15
0.393701 0.116009 0.153374 0.1 0.0938086 0.561798 0.961538 1.06383 0.649351 0.320513 0.122549 0.106383 0.757576 0.10101 1.02041 
SeqSet
14
0 254
93 340 93 340 92 340 92 340 92 339 92 339 92 338 92 338 91 338 91 338 91 337 91 337 91 336 91 336 90 336 90 336 90 335 90 335 90 334 90 334 89 334 89 334 89 333 89 333 89 332 89 332 88 332 88 332 88 331 88 331 87 331 87 331 86 331 86 331 86 330 86 330 85 330 85 330 85 329 85 329 84 329 84 329 84 328 84 328 83 328 83 328 82 328 82 328 81 328 81 328 80 328 80 328 79 328 79 328 78 328 78 328 77 328 77 329 77 329 77 329 76 329 76 329 75 329 75 330 75 330 75 330 74 330 74 330 73 330 73 331 73 331 73 331 72 331 72 332 72 332 72 332 71 332 71 332 70 332 70 333 70 333 70 333 69 333 69 333 68 333 68 334 68 334 68 334 67 334 67 334 66 334 66 334 65 334 65 334 64 334 64 334 63 334 63 334 62 334 62 334 61 334 61 334 60 334 60 334 59 334 59 334 58 334 58 334 57 334 57 334 56 334 56 334 55 334 55 334 54 334 54 334 54 333 54 333 53 333 53 333 52 333 52 333 51 333 51 333 50 333 50 333 50 332 50 332 49 332 49 332 48 332 48 332 47 332 47 332 46 332 46 332 45 332 45 332 44 332 44 332 43 332 43 333 43 333 43 333 42 333 42 333 41 333 41 333 40 333 40 333 39 333 39 333 38 333 38 334 38 334 38 334 37 334 37 335 37 335 37 335 36 335 36 335 35 335 35 336 35 336 35 336 34 336 34 337 34 337 34 337 33 337 33 337 32 337 32 338 32 338 32 338 31 338 31 338 30 338 30 338 29 338 29 338 28 338 28 338 27 338 27 338 26 338 26 338 25 338 25 338 24 338 24 338 23 338 23 338 22 338 22 338 21 338 21 338 21 337 21 337 20 337 20 337 19 337 19 337 19 336 19 336 18 336 18 336 17 336 17 336 17 335 17 335 16 335 16 335 15 335 15 335 14 335 14 335 13 335 13 336 13 336 13 336 12 336 12 336 11 336 11 336 10 336 10 336 9 336 9 336 8 336 8 336 7 336 7 336 6 336 6 336 6 335 6 335 5 335 5 335 4 335 4 335 4 334 4 334 3 334 3 334 2 334 2 334 1 334 1 334 1 333 1 333 0 333 0 333 
1 862
93 340 93 340 93 339 94 339 94 339 95 339 95 339 95 339 95 338 95 338 95 337 96 337 96 337 96 337 96 336 97 336 97 336 97 336 97 335 97 335 97 334 97 334 97 333 98 333 98 333 98 333 98 332 98 332 98 331 98 331 98 330 98 330 98 329 98 329 98 328 98 328 98 327 98 327 98 326 98 326 98 325 98 325 98 324 99 324 99 324 99 324 99 323 99 323 99 322 100 322 100 322 100 322 100 321 100 321 100 320 100 320 100 319 101 319 101 319 101 319 101 318 101 318 101 317 101 317 101 316 102 316 102 316 102 316 102 315 102 315 102 314 103 314 103 314 103 314 103 313 104 313 104 313 104 313 104 312 105 312 105 312 105 312 105 311 106 311 106 311 106 311 106 310 107 310 107 310 108 310 108 310 108 310 108 309 109 309 109 309 109 309 109 308 110 308 110 308 111 308 111 308 111 308 111 307 112 307 112 307 113 307 113 307 114 307 114 307 114 307 114 306 115 306 115 306 116 306 116 306 116 306 116 305 117 305 117 305 118 305 118 305 118 305 118 304 119 304 119 304 120 304 120 304 120 304 120 303 121 303 121 303 122 303 122 303 122 303 122 302 123 302 123 302 124 302 124 302 125 302 125 302 125 302 125 301 126 301 126 301 127 301 127 301 127 301 127 300 128 300 128 300 129 300 129 300 129 300 129 299 130 299 130 299 131 299 131 299 132 299 132 299 132 299 132 298 133 298 133 298 134 298 134 298 135 298 135 298 135 298 135 297 136 297 136 297 137 297 137 297 138 297 138 297 138 297 138 296 139 296 139 296 140 296 140 296 140 296 140 295 141 295 141 295 142 295 142 295 143 295 143 295 143 295 143 294 144 294 144 294 145 294 145 294 146 294 146 294 146 294 146 293 147 293 147 293 148 293 148 293 149 293 149 293 150 293 150 293 150 293 150 292 151 292 151 292 152 292 152 292 153 292 153 292 153 292 153 291 154 291 154 291 155 291 155 291 155 291 155 290 156 290 156 290 157 290 157 290 158 290 158 290 158 290 158 289 159 289 159 289 160 289 160 289 161 289 161 289 161 289 161 288 162 288 162 288 163 288 163 288 163 288 163 287 164 287 164 287 165 287 165 287 165 287 165 286 166 286 166 286 166 286 166 285 167 285 167 285 167 285 167 284 168 284 168 284 168 284 168 283 169 283 169 283 169 283 169 282 169 282 169 281 170 281 170 281 170 281 170 280 170 280 170 279 170 279 170 278 171 278 171 278 171 278 171 277 171 277 171 276 172 276 172 276 172 276 172 275 172 275 172 274 172 274 172 273 173 273 173 273 173 273 173 272 173 272 173 271 174 271 174 271 174 271 174 270 174 270 174 269 174 269 174 268 175 268 175 268 175 268 175 267 175 267 175 266 176 266 176 266 176 266 176 265 177 265 177 265 177 265 177 264 177 264 177 263 178 263 178 263 178 263 178 262 179 262 179 262 179 262 179 261 180 261 180 261 180 261 180 260 181 260 181 260 181 260 181 259 182 259 182 259 182 259 182 258 183 258 183 258 183 258 183 257 184 257 184 257 184 257 184 256 185 256 185 256 185 256 185 255 186 255 186 255 186 255 186 254 187 254 187 254 187 254 187 253 188 253 188 253 188 253 188 252 189 252 189 252 189 252 189 251 189 251 189 250 190 250 190 250 190 250 190 249 191 249 191 249 191 249 191 248 192 248 192 248 192 248 192 247 192 247 192 246 193 246 193 246 193 246 193 245 194 245 194 245 194 245 194 244 195 244 195 244 195 244 195 243 196 243 196 243 196 243 196 242 196 242 196 241 197 241 197 241 197 241 197 240 198 240 198 240 198 240 198 239 199 239 199 239 199 239 199 238 200 238 200 238 200 238 200 237 200 237 200 236 201 236 201 236 201 236 201 235 202 235 202 235 202 235 202 234 203 234 203 234 203 234 203 233 204 233 204 233 204 233 204 232 205 232 205 232 205 232 205 231 206 231 206 231 206 231 206 230 207 230 207 230 207 230 207 229 208 229 208 229 208 229 208 228 209 228 209 228 209 228 209 227 210 227 210 227 210 227 210 226 211 226 211 226 212 226 212 226 212 226 212 225 213 225 213 225 213 225 213 224 214 224 214 224 214 224 214 223 215 223 215 223 215 223 215 222 216 222 216 222 216 222 216 221 217 221 217 221 217 221 217 220 218 220 218 220 219 220 219 220 219 220 219 219 220 219 220 219 220 219 220 218 221 218 221 218 221 218 221 217 222 217 222 217 222 217 222 216 223 216 223 216 223 216 223 215 224 215 224 215 225 215 225 215 225 215 225 214 226 214 226 214 226 214 226 213 227 213 227 213 227 213 227 212 228 212 228 212 229 212 229 212 229 212 229 211 230 211 230 211 230 211 230 210 231 210 231 210 232 210 232 210 232 210 232 209 233 209 233 209 234 209 234 209 234 209 234 208 235 208 235 208 235 208 235 207 236 207 236 207 237 207 237 207 237 207 237 206 238 206 238 206 238 206 238 205 239 205 239 205 240 205 240 205 240 205 240 204 241 204 241 204 242 204 242 204 242 204 242 203 243 203 243 203 243 203 243 202 244 202 244 202 245 202 245 202 245 202 245 201 246 201 246 201 247 201 247 201 247 201 247 200 248 200 248 200 249 200 249 200 249 200 249 199 250 199 250 199 251 199 251 199 251 199 251 198 252 198 252 198 253 198 253 198 253 198 253 197 254 197 254 197 254 197 254 196 255 196 255 196 256 196 256 196 256 196 256 195 257 195 257 195 258 195 258 195 258 195 258 194 259 194 259 194 260 194 260 194 260 194 260 193 261 193 261 193 262 193 262 193 262 193 262 192 263 192 263 192 263 192 263 191 264 191 264 191 265 191 265 191 265 191 265 190 266 190 266 190 267 190 267 190 267 190 267 189 268 189 268 189 269 189 269 189 269 189 269 188 270 188 270 188 271 188 271 188 271 188 271 187 272 187 272 187 273 187 273 187 273 187 273 186 274 186 274 186 275 186 275 186 275 186 275 185 276 185 276 185 277 185 277 185 277 185 277 184 278 184 278 184 279 184 279 184 279 184 279 183 280 183 280 183 281 183 281 183 281 183 281 182 282 182 282 182 283 182 283 182 284 182 284 182 284 182 284 181 285 181 285 181 286 181 286 181 286 181 286 180 287 180 287 180 288 180 288 180 288 180 288 179 289 179 289 179 290 179 290 179 290 179 290 178 291 178 291 178 292 178 292 178 292 178 292 177 293 177 293 177 294 177 294 177 294 177 294 176 295 176 295 176 296 176 296 176 297 176 297 176 297 176 297 175 298 175 298 175 299 175 299 175 299 175 299 174 300 174 300 174 301 174 301 174 301 174 301 173 302 173 302 173 303 173 303 173 303 173 303 172 304 172 304 172 305 172 305 172 306 172 306 172 306 172 306 171 307 171 307 171 308 171 308 171 309 171 309 171 309 171 309 170 310 170 310 170 311 170 311 170 311 170 311 169 312 169 312 169 313 169 313 169 313 169 313 168 314 168 314 168 315 168 315 168 315 168 315 167 316 167 316 167 317 167 317 167 317 167 317 166 318 166 318 166 319 166 319 166 320 166 320 166 320 166 320 165 321 165 321 165 322 165 322 165 322 165 322 164 323 164 323 164 324 164 324 164 324 164 324 163 325 163 325 163 326 163 326 163 327 163 327 163 327 163 327 162 328 162 328 162 329 162 329 162 329 162 329 161 330 161 330 161 331 161 331 161 332 161 332 161 332 161 332 160 333 160 333 160 334 160 334 160 335 160 335 160 335 160 335 159 336 159 336 159 336 159 336 158 337 158 337 158 338 158 338 158 338 158 338 157 339 157 339 157 339 157 339 156 340 156 
2 652
93 340 93 341 93 341 93 341 92 341 92 342 92 342 92 343 92 343 92 344 92 344 93 344 93 344 93 345 93 345 93 345 92 345 92 346 92 346 92 347 92 347 92 348 92 348 92 349 92 349 92 350 92 350 92 351 92 351 92 352 92 352 92 353 92 353 92 354 92 354 92 355 92 355 92 356 92 356 92 357 92 357 92 358 92 358 92 359 92 359 92 360 92 360 92 361 92 361 92 362 92 362 93 362 93 362 93 363 93 363 94 363 94 363 94 364 94 364 95 364 95 364 95 365 95 365 96 365 96 365 97 365 97 365 97 366 97 366 98 366 98 366 99 366 99 366 100 366 100 366 101 366 101 366 101 367 101 367 102 367 102 367 103 367 103 367 104 367 104 367 105 367 105 367 106 367 106 367 106 368 106 368 107 368 107 368 108 368 108 368 108 369 108 369 109 369 109 369 110 369 110 369 110 370 110 370 111 370 111 370 112 370 112 370 113 370 113 370 113 371 113 371 114 371 114 371 115 371 115 371 115 372 115 372 116 372 116 372 117 372 117 372 118 372 118 372 118 373 118 373 119 373 119 373 119 374 119 374 120 374 120 374 121 374 121 374 121 375 121 375 122 375 122 375 123 375 123 375 123 376 123 376 124 376 124 376 125 376 125 376 125 377 125 377 126 377 126 377 127 377 127 377 128 377 128 377 129 377 129 377 130 377 130 377 131 377 131 377 132 377 132 377 133 377 133 377 133 378 133 378 134 378 134 378 135 378 135 378 136 378 136 378 137 378 137 378 138 378 138 378 139 378 139 378 140 378 140 378 141 378 141 378 142 378 142 378 142 379 142 379 143 379 143 379 144 379 144 379 145 379 145 379 146 379 146 379 147 379 147 379 148 379 148 379 149 379 149 379 150 379 150 379 151 379 151 379 152 379 152 379 153 379 153 379 154 379 154 379 155 379 155 379 156 379 156 379 157 379 157 379 158 379 158 379 159 379 159 379 160 379 160 379 161 379 161 379 162 379 162 379 162 379 162 378 163 378 163 378 164 378 164 378 165 378 165 378 166 378 166 378 167 378 167 378 168 378 168 378 169 378 169 378 170 378 170 378 171 378 171 378 172 378 172 378 173 378 173 378 174 378 174 378 175 378 175 378 176 378 176 378 177 378 177 378 178 378 178 378 179 378 179 378 180 378 180 378 181 378 181 378 182 378 182 378 183 378 183 378 184 378 184 378 185 378 185 378 186 378 186 378 187 378 187 378 188 378 188 378 189 378 189 378 190 378 190 378 191 378 191 378 192 378 192 378 193 378 193 378 194 378 194 378 195 378 195 378 196 378 196 378 197 378 197 378 197 379 197 379 198 379 198 379 199 379 199 379 200 379 200 379 201 379 201 379 202 379 202 379 203 379 203 379 204 379 204 379 205 379 205 379 206 379 206 379 207 379 207 379 208 379 208 379 209 379 209 379 210 379 210 379 211 379 211 379 212 379 212 379 213 379 213 379 214 379 214 379 215 379 215 379 215 380 215 380 216 380 216 380 217 380 217 380 218 380 218 380 219 380 219 380 220 380 220 380 221 380 221 380 222 380 222 380 223 380 223 380 224 380 224 380 225 380 225 380 226 380 226 380 227 380 227 380 228 380 228 380 228 381 228 381 229 381 229 381 230 381 230 381 231 381 231 381 232 381 232 381 233 381 233 381 234 381 234 381 235 381 235 381 236 381 236 381 237 381 237 381 238 381 238 381 239 381 239 381 239 382 239 382 240 382 240 382 241 382 241 382 242 382 242 382 243 382 243 382 244 382 244 382 244 383 244 383 245 383 245 383 246 383 246 383 247 383 247 383 248 383 248 383 249 383 249 383 249 384 249 384 250 384 250 384 251 384 251 384 252 384 252 384 253 384 253 384 254 384 254 384 255 384 255 384 256 384 256 384 256 385 256 385 257 385 257 385 258 385 258 385 259 385 259 385 260 385 260 385 261 385 261 385 261 386 261 386 262 386 262 386 263 386 263 386 264 386 264 386 265 386 265 386 266 386 266 386 266 387 266 387 267 387 267 387 268 387 268 387 269 387 269 387 270 387 270 387 271 387 271 387 272 387 272 387 272 388 272 388 273 388 273 388 274 388 274 388 275 388 275 388 276 388 276 388 277 388 277 388 277 389 277 389 278 389 278 389 279 389 279 389 280 389 280 389 281 389 281 389 281 390 281 390 282 390 282 390 283 390 283 390 284 390 284 390 285 390 285 390 286 390 286 390 286 391 286 391 287 391 287 391 288 391 288 391 289 391 289 391 290 391 290 391 290 392 290 392 291 392 291 392 292 392 292 392 293 392 293 392 294 392 294 392 295 392 295 392 295 393 295 393 296 393 296 393 297 393 297 393 298 393 298 393 299 393 299 393 299 394 299 394 300 394 300 394 301 394 301 394 302 394 302 394 303 394 303 394 303 395 303 395 304 395 304 395 305 395 305 395 306 395 306 395 307 395 307 395 308 395 308 395 308 396 308 396 309 396 309 396 310 396 310 396 311 396 311 396 312 396 312 396 312 397 312 397 313 397 313 397 314 397 314 397 315 397 315 397 316 397 316 397 316 398 316 398 317 398 317 398 318 398 318 398 319 398 319 398 320 398 320 398 320 399 320 399 321 399 321 399 322 399 322 399 323 399 323 399 323 400 323 400 324 400 324 400 325 400 325 400 326 400 326 400 327 400 327 400 327 401 327 401 328 401 328 401 329 401 329 401 330 401 330 401 331 401 331 401 331 402 331 402 332 402 332 402 333 402 333 402 334 402 334 402 335 402 335 402 335 403 335 403 336 403 336 403 337 403 337 403 338 403 338 403 339 403 339 403 339 404 339 404 340 404 340 404 341 404 341 404 342 404 342 404 342 405 342 405 343 405 343 405 344 405 344 405 345 405 345 405 346 405 346 405 347 405 347 405 348 405 
3 1070
340 156 340 156 340 155 340 155 340 154 340 154 340 153 340 153 340 152 340 152 340 151 340 151 340 150 340 150 339 150 339 150 339 149 339 149 339 148 339 148 339 147 339 147 338 147 338 147 338 146 338 146 337 146 337 146 337 145 337 145 336 145 336 145 336 144 336 144 335 144 335 144 334 144 334 144 333 144 333 144 332 144 332 144 332 143 332 143 331 143 331 143 330 143 330 143 330 142 330 142 329 142 329 142 329 141 329 141 328 141 328 141 328 140 328 140 327 140 327 140 327 139 327 139 327 138 327 138 326 138 326 138 326 137 326 137 325 137 325 137 325 136 325 136 324 136 324 136 324 135 324 135 323 135 323 135 323 134 323 134 322 134 322 134 322 133 322 133 322 132 322 132 321 132 321 132 321 131 321 131 320 131 320 131 320 130 320 130 320 129 320 129 320 128 320 128 320 127 320 127 319 127 319 127 319 126 319 126 318 126 318 126 318 125 318 125 317 125 317 125 317 124 317 124 316 124 316 124 316 123 316 123 315 123 315 123 314 123 314 123 313 123 313 123 312 123 312 123 311 123 311 123 310 123 310 123 309 123 309 123 308 123 308 123 308 122 308 122 307 122 307 122 306 122 306 122 306 121 306 121 305 121 305 121 304 121 304 121 304 120 304 120 303 120 303 120 302 120 302 120 301 120 301 120 301 119 301 119 300 119 300 119 299 119 299 119 298 119 298 119 297 119 297 119 297 118 297 118 296 118 296 118 295 118 295 118 294 118 294 118 294 117 294 117 293 117 293 117 292 117 292 117 292 116 292 116 291 116 291 116 291 115 291 115 290 115 290 115 289 115 289 115 289 114 289 114 288 114 288 114 288 113 288 113 287 113 287 113 286 113 286 113 286 112 286 112 285 112 285 112 285 111 285 111 284 111 284 111 283 111 283 111 282 111 282 111 282 110 282 110 281 110 281 110 280 110 280 110 279 110 279 110 278 110 278 110 277 110 277 111 277 111 277 111 276 111 276 112 276 112 276 112 275 112 275 113 275 113 275 113 274 113 274 114 274 114 274 115 274 115 274 116 274 116 274 116 273 116 273 117 273 117 273 117 272 117 272 118 272 118 272 119 272 119 272 119 271 119 271 120 271 120 271 120 270 120 270 120 269 120 269 120 269 119 269 119 268 119 268 119 267 119 267 119 267 118 267 118 266 118 266 118 266 117 266 117 266 116 266 116 265 116 265 116 265 115 265 115 264 115 264 115 264 114 264 114 263 114 263 114 262 114 262 114 262 113 262 113 261 113 261 113 260 113 260 113 259 113 259 114 259 114 259 114 258 114 258 115 258 115 258 115 257 115 257 116 257 116 257 116 256 116 256 117 256 117 256 117 255 117 255 118 255 118 255 119 255 119 255 119 254 119 254 120 254 120 254 120 253 120 253 121 253 121 253 121 252 121 252 122 252 122 252 122 251 122 251 123 251 123 251 123 250 123 250 123 249 123 249 124 249 124 249 124 248 124 248 124 247 124 247 124 246 124 246 124 245 124 245 124 244 124 244 125 244 125 244 125 243 125 243 125 243 124 243 124 242 124 242 124 241 124 241 124 240 124 240 124 240 123 240 123 239 123 239 123 239 122 239 122 238 122 238 122 238 121 238 121 237 121 237 121 237 120 237 120 236 120 236 120 236 119 236 119 235 119 235 119 235 118 235 118 234 118 234 118 234 117 234 117 233 117 233 117 233 116 233 116 233 115 233 115 232 115 232 115 232 114 232 114 232 113 232 113 231 113 231 113 231 112 231 112 230 112 230 112 230 111 230 111 229 111 229 111 229 110 229 110 228 110 228 110 228 109 228 109 227 109 227 109 226 109 226 109 225 109 225 109 225 108 225 108 224 108 224 108 223 108 223 108 222 108 222 108 221 108 221 108 220 108 220 109 220 109 220 109 219 109 219 109 218 109 218 109 217 109 217 109 216 109 216 109 215 109 215 109 214 109 214 109 213 109 213 110 213 110 213 110 212 110 212 110 211 110 211 110 210 110 210 110 209 110 209 110 208 110 208 111 208 111 208 111 207 111 207 111 206 111 206 112 206 112 206 112 205 112 205 113 205 113 205 113 204 113 204 114 204 114 204 114 203 114 203 115 203 115 203 116 203 116 203 116 202 116 202 117 202 117 202 118 202 118 202 119 202 119 202 120 202 120 202 121 202 121 202 122 202 122 202 123 202 123 202 124 202 124 202 125 202 125 202 125 201 125 201 126 201 126 201 126 200 126 200 127 200 127 200 127 199 127 199 128 199 128 199 128 198 128 198 129 198 129 198 129 197 129 197 129 196 129 196 129 195 129 195 129 194 129 194 129 193 129 193 129 192 129 192 129 191 129 191 129 190 129 190 130 190 130 190 130 189 130 189 130 188 130 188 131 188 131 188 131 187 131 187 131 186 131 186 131 185 131 185 132 185 132 185 132 184 132 184 132 183 132 183 133 183 133 183 133 182 133 182 133 181 133 181 133 180 133 180 133 179 133 179 133 178 133 178 133 178 132 178 132 177 132 177 132 177 131 177 131 176 131 176 131 176 130 176 130 175 130 175 130 175 129 175 129 174 129 174 129 174 128 174 128 174 127 174 127 174 126 174 126 174 125 174 125 173 125 173 125 173 124 173 124 172 124 172 124 172 123 172 123 171 123 171 123 171 122 171 122 170 122 170 122 169 122 169 122 169 121 169 121 168 121 168 121 167 121 167 121 166 121 166 121 165 121 165 121 164 121 164 121 163 121 163 121 162 121 162 122 162 122 162 122 161 122 161 122 160 122 160 122 159 122 159 122 158 122 158 122 157 122 157 122 156 122 156 122 155 122 155 122 154 122 154 123 154 123 154 123 153 123 153 123 152 123 152 123 151 123 151 123 150 123 150 124 150 124 150 124 149 124 149 124 148 124 148 124 147 124 147 124 146 124 146 125 146 125 146 125 145 125 145 125 144 125 144 125 143 125 143 125 142 125 142 125 141 125 141 126 141 126 141 126 140 126 140 126 139 126 139 126 138 126 138 126 137 126 137 127 137 127 137 127 136 127 136 127 135 127 135 127 134 127 134 127 133 127 133 127 132 127 132 127 131 127 131 127 130 127 130 127 130 126 130 126 129 126 129 126 128 126 128 126 128 125 128 125 127 125 127 125 127 124 127 124 126 124 126 124 126 123 126 123 125 123 125 123 125 122 125 122 124 122 124 122 124 121 124 121 124 120 124 120 124 119 124 119 124 118 124 118 123 118 123 118 123 117 123 117 122 117 122 117 122 116 122 116 121 116 121 116 121 115 121 115 120 115 120 115 119 115 119 115 119 114 119 114 118 114 118 114 117 114 117 114 116 114 116 114 115 114 115 114 114 114 114 114 113 114 113 114 112 114 112 114 111 114 111 114 110 114 110 114 109 114 109 114 108 114 108 114 107 114 107 114 106 114 106 115 106 115 106 115 105 115 105 115 104 115 104 115 103 115 103 115 102 115 102 116 102 116 102 116 101 116 101 117 101 117 101 117 100 117 100 118 100 118 100 118 99 118 99 119 99 119 99 120 99 120 99 120 98 120 98 121 98 121 98 122 98 122 98 123 98 123 98 124 98 124 98 124 97 124 97 125 97 125 97 126 97 126 97 126 96 126 96 127 96 127 96 127 95 127 95 128 95 128 95 129 95 129 95 129 94 129 94 130 94 130 94 130 93 130 93 131 93 131 93 132 93 132 93 132 92 132 92 133 92 133 92 133 91 133 91 134 91 134 91 134 90 134 90 134 89 134 89 135 89 135 89 135 88 135 88 135 87 135 87 135 86 135 86 136 86 136 86 136 85 136 85 136 84 136 84 136 83 136 83 136 82 136 82 136 81 136 81 136 80 136 80 136 79 136 79 136 78 136 78 136 77 136 77 136 76 136 76 136 75 136 75 136 74 136 74 137 74 137 74 137 73 137 73 137 72 137 72 137 71 137 71 138 71 138 71 138 70 138 70 138 69 138 69 138 68 138 68 138 67 138 67 138 66 138 66 138 65 138 65 138 65 137 65 137 64 137 64 137 64 136 64 136 63 136 63 136 63 135 63 135 62 135 62 135 61 135 61 135 61 134 61 134 60 134 60 134 59 134 59 134 58 134 58 134 58 133 58 133 57 133 57 133 56 133 56 133 55 133 55 133 54 133 54 133 53 133 53 133 52 133 52 133 51 133 51 134 51 134 51 134 50 134 50 134 49 134 49 134 48 134 48 134 47 134 47 134 46 134 46 135 46 135 46 135 45 135 45 135 44 135 44 135 43 135 43 135 42 135 42 135 41 135 41 135 40 135 40 135 39 135 39 135 38 135 38 135 37 135 37 135 37 134 37 134 36 134 36 134 35 134 35 134 34 134 34 134 33 134 33 134 32 134 32 134 31 134 31 134 30 134 30 134 29 134 29 134 29 133 29 133 28 133 28 133 27 133 27 133 26 133 26 133 26 132 26 132 25 132 25 132 24 132 24 132 23 132 23 132 23 131 23 131 22 131 22 131 21 131 21 131 20 131 20 131 19 131 19 131 18 131 18 132 18 132 18 132 17 132 17 133 17 133 17 133 16 133 16 133 15 133 15 134 15 134 15 135 15 135 15 135 14 135 14 136 14 136 14 136 13 136 13 137 13 137 13 137 12 137 12 137 11 137 11 138 11 138 11 138 10 138 10 139 10 139 10 139 9 139 9 139 8 139 8 139 7 139 7 139 7 138 7 138 6 138 6 138 5 138 5 138 4 138 4 138 3 138 3 138 3 137 3 137 2 137 2 137 1 137 1 137 1 136 1 136 0 136 0 136 
4 1066
346 156 347 156 347 156 347 156 347 155 348 155 348 155 348 155 348 154 349 154 349 154 350 154 350 154 350 154 350 153 351 153 351 153 352 153 352 153 352 153 352 152 353 152 353 152 354 152 354 152 355 152 355 152 355 152 355 151 356 151 356 151 357 151 357 151 358 151 358 151 359 151 359 151 359 151 359 150 360 150 360 150 361 150 361 150 362 150 362 150 363 150 363 150 363 150 363 149 364 149 364 149 365 149 365 149 365 149 365 148 366 148 366 148 367 148 367 148 368 148 368 148 368 148 368 147 369 147 369 147 370 147 370 147 370 147 370 146 371 146 371 146 372 146 372 146 373 146 373 146 373 146 373 145 374 145 374 145 375 145 375 145 375 145 375 144 376 144 376 144 377 144 377 144 378 144 378 144 378 144 378 143 379 143 379 143 380 143 380 143 380 143 380 142 381 142 381 142 382 142 382 142 382 142 382 141 383 141 383 141 384 141 384 141 384 141 384 140 385 140 385 140 386 140 386 140 386 140 386 139 387 139 387 139 387 139 387 138 388 138 388 138 389 138 389 138 389 138 389 137 390 137 390 137 391 137 391 137 391 137 391 136 392 136 392 136 393 136 393 136 394 136 394 136 394 136 394 135 395 135 395 135 396 135 396 135 397 135 397 135 397 135 397 134 398 134 398 134 399 134 399 134 400 134 400 134 401 134 401 134 401 134 401 133 402 133 402 133 403 133 403 133 404 133 404 133 405 133 405 133 405 133 405 132 406 132 406 132 407 132 407 132 408 132 408 132 408 132 408 131 409 131 409 131 410 131 410 131 411 131 411 131 411 131 411 130 412 130 412 130 413 130 413 130 414 130 414 130 414 130 414 129 415 129 415 129 416 129 416 129 417 129 417 129 418 129 418 129 418 129 418 128 419 128 419 128 420 128 420 128 421 128 421 128 421 128 421 127 422 127 422 127 423 127 423 127 424 127 424 127 424 127 424 126 425 126 425 126 426 126 426 126 427 126 427 126 428 126 428 126 428 126 428 125 429 125 429 125 430 125 430 125 431 125 431 125 431 125 431 124 432 124 432 124 433 124 433 124 434 124 434 124 435 124 435 124 436 124 436 124 437 124 437 124 437 124 437 123 438 123 438 123 439 123 439 123 440 123 440 123 441 123 441 123 442 123 442 123 442 123 442 122 443 122 443 122 444 122 444 122 445 122 445 122 445 122 445 121 446 121 446 121 447 121 447 121 448 121 448 121 449 121 449 121 450 121 450 121 450 121 450 120 451 120 451 120 452 120 452 120 453 120 453 120 454 120 454 120 455 120 455 120 455 120 455 119 456 119 456 119 457 119 457 119 458 119 458 119 458 119 458 118 459 118 459 118 460 118 460 118 461 118 461 118 462 118 462 118 462 118 462 117 463 117 463 117 464 117 464 117 465 117 465 117 465 117 465 116 466 116 466 116 467 116 467 116 468 116 468 116 468 116 468 115 469 115 469 115 470 115 470 115 470 115 470 114 471 114 471 114 472 114 472 114 472 114 472 113 473 113 473 113 474 113 474 113 475 113 475 113 476 113 476 113 476 113 476 112 477 112 477 112 478 112 478 112 479 112 479 112 480 112 480 112 480 112 480 111 481 111 481 111 482 111 482 111 483 111 483 111 483 111 483 110 484 110 484 110 485 110 485 110 486 110 486 110 486 110 486 109 487 109 487 109 488 109 488 109 489 109 489 109 489 109 489 108 490 108 490 108 491 108 491 108 492 108 492 108 493 108 493 108 493 108 493 107 494 107 494 107 495 107 495 107 496 107 496 107 497 107 497 107 497 107 497 106 498 106 498 106 499 106 499 106 500 106 500 106 501 106 501 106 501 106 501 105 502 105 502 105 503 105 503 105 504 105 504 105 505 105 505 105 505 105 505 104 506 104 506 104 507 104 507 104 508 104 508 104 508 104 508 103 509 103 509 103 510 103 510 103 511 103 511 103 511 103 511 102 512 102 512 102 513 102 513 102 514 102 514 102 514 102 514 101 515 101 515 101 516 101 516 101 517 101 517 101 518 101 518 101 518 101 518 100 519 100 519 100 520 100 520 100 521 100 521 100 521 100 521 99 522 99 522 99 523 99 523 99 523 99 523 98 524 98 524 98 525 98 525 98 526 98 526 98 526 98 526 97 527 97 527 97 528 97 528 97 529 97 529 97 529 97 529 96 530 96 530 96 531 96 531 96 532 96 532 96 532 96 532 95 533 95 533 95 534 95 534 95 534 95 534 94 535 94 535 94 536 94 536 94 537 94 537 94 537 94 537 93 538 93 538 93 539 93 539 93 539 93 539 92 540 92 540 92 541 92 541 92 542 92 542 92 542 92 542 91 543 91 543 91 544 91 544 91 544 91 544 90 545 90 545 90 546 90 546 90 546 90 546 89 547 89 547 89 548 89 548 89 548 89 548 88 549 88 549 88 550 88 550 88 550 88 550 87 551 87 551 87 552 87 552 87 552 87 552 86 553 86 553 86 554 86 554 86 554 86 554 85 555 85 555 85 556 85 556 85 557 85 557 85 557 85 557 84 558 84 558 84 559 84 559 84 559 84 559 83 560 83 560 83 561 83 561 83 562 83 562 83 562 83 562 82 563 82 563 82 564 82 564 82 564 82 564 81 565 81 565 81 566 81 566 81 566 81 566 80 567 80 567 80 568 80 568 80 569 80 569 80 569 80 569 79 570 79 570 79 571 79 571 79 571 79 571 78 572 78 572 78 573 78 573 78 574 78 574 78 574 78 574 77 575 77 575 77 576 77 576 77 576 77 576 76 577 76 577 76 578 76 578 76 578 76 578 75 579 75 579 75 580 75 580 75 580 75 580 74 581 74 581 74 582 74 582 74 583 74 583 74 583 74 583 73 584 73 584 73 585 73 585 73 586 73 586 73 586 73 586 72 587 72 587 72 588 72 588 72 588 72 588 71 589 71 589 71 590 71 590 71 590 71 590 70 591 70 591 70 592 70 592 70 593 70 593 70 593 70 593 69 594 69 594 69 595 69 595 69 595 69 595 68 596 68 596 68 597 68 597 68 598 68 598 68 598 68 598 67 599 67 599 67 600 67 600 67 600 67 600 66 601 66 601 66 602 66 602 66 602 66 602 65 603 65 603 65 604 65 604 65 605 65 605 65 605 65 605 64 606 64 606 64 607 64 607 64 608 64 608 64 608 64 608 63 609 63 609 63 610 63 610 63 610 63 610 62 611 62 611 62 612 62 612 62 613 62 613 62 613 62 613 61 614 61 614 61 615 61 615 61 615 61 615 60 616 60 616 60 617 60 617 60 617 60 617 59 618 59 618 59 619 59 619 59 620 59 620 59 620 59 620 58 621 58 621 58 622 58 622 58 622 58 622 57 623 57 623 57 624 57 624 57 625 57 625 57 625 57 625 56 626 56 626 56 627 56 627 56 627 56 627 55 628 55 628 55 629 55 629 55 630 55 630 55 630 55 630 54 631 54 631 54 632 54 632 54 632 54 632 53 633 53 633 53 634 53 634 53 634 53 634 52 635 52 635 52 636 52 636 52 637 52 637 52 637 52 637 51 638 51 638 51 639 51 639 51 640 51 640 51 640 51 640 50 641 50 641 50 642 50 642 50 643 50 643 50 643 50 643 49 644 49 644 49 645 49 645 49 645 49 645 48 646 48 646 48 647 48 647 48 648 48 648 48 648 48 648 47 649 47 649 47 650 47 650 47 651 47 651 47 652 47 652 47 652 47 652 46 653 46 653 46 654 46 654 46 655 46 655 46 655 46 655 45 656 45 656 45 657 45 657 45 658 45 658 45 658 45 658 44 659 44 659 44 660 44 660 44 660 44 660 43 661 43 661 43 662 43 662 43 663 43 663 43 663 43 663 42 664 42 664 42 665 42 665 42 666 42 666 42 666 42 666 41 667 41 667 41 668 41 668 41 669 41 669 41 669 41 669 40 670 40 670 40 671 40 671 40 671 40 671 39 672 39 672 39 673 39 673 39 674 39 674 39 674 39 674 38 675 38 675 38 676 38 676 38 677 38 677 38 677 38 677 37 678 37 678 37 679 37 679 37 679 37 679 36 680 36 680 36 681 36 681 36 682 36 682 36 682 36 682 35 683 35 683 35 684 35 684 35 685 35 685 35 685 35 685 34 686 34 686 34 687 34 687 34 687 34 687 33 688 33 688 33 689 33 689 33 690 33 690 33 690 33 690 32 691 32 691 32 692 32 692 32 693 32 693 32 693 32 693 31 694 31 694 31 695 31 695 31 695 31 695 30 696 30 696 30 697 30 697 30 697 30 697 29 698 29 698 29 699 29 699 29 700 29 700 29 700 29 700 28 701 28 701 28 702 28 702 28 702 28 702 27 703 27 703 27 704 27 704 27 705 27 705 27 705 27 705 26 706 26 706 26 707 26 707 26 708 26 708 26 708 26 708 25 709 25 709 25 710 25 710 25 711 25 711 25 711 25 711 24 712 24 712 24 713 24 713 24 714 24 714 24 714 24 714 23 715 23 715 23 716 23 716 23 717 23 717 23 718 23 718 23 718 23 718 22 719 22 719 22 720 22 720 22 721 22 721 22 721 22 721 21 722 21 722 21 723 21 723 21 723 21 723 20 724 20 724 20 725 20 725 20 726 20 726 20 727 20 727 20 727 20 727 19 728 19 728 19 729 19 729 19 730 19 730 19 730 19 730 18 731 18 731 18 732 18 732 18 732 18 732 17 733 17 733 17 734 17 734 17 735 17 735 17 736 17 736 17 736 17 736 16 737 16 737 16 738 16 738 16 740 16 
5 178
346 156 346 157 346 157 346 158 346 158 346 159 346 159 347 159 347 159 347 160 347 160 347 161 347 161 347 162 347 162 347 163 347 163 347 164 347 164 347 165 347 165 347 166 347 166 347 167 347 167 347 168 347 168 347 169 347 169 347 170 347 170 347 171 347 171 347 172 347 172 347 173 347 173 347 174 347 174 347 175 347 175 347 175 346 175 346 176 346 176 346 177 346 177 346 178 346 178 346 179 346 179 346 180 346 180 346 181 346 181 346 182 346 182 346 183 346 183 346 184 346 184 346 185 346 185 346 186 346 186 346 187 346 187 346 188 346 188 346 189 346 189 346 190 346 190 346 191 346 191 346 192 346 192 346 193 346 193 346 194 346 194 346 195 346 195 346 196 346 196 346 197 346 197 346 198 346 198 346 199 346 199 346 200 346 200 346 201 346 201 346 202 346 202 346 203 346 203 346 204 346 204 346 205 346 205 346 205 345 205 345 206 345 206 345 207 345 207 345 208 345 208 345 209 345 209 345 210 345 210 345 211 345 211 345 212 345 212 345 213 345 213 345 214 345 214 345 215 345 215 345 216 345 216 345 217 345 217 345 218 345 218 345 219 345 219 345 220 345 220 345 221 345 221 345 222 345 222 345 223 345 223 345 224 345 224 345 225 345 225 345 226 345 226 345 227 345 227 345 228 345 228 346 228 346 228 346 229 346 229 346 230 346 230 346 231 346 231 346 232 346 232 347 232 347 232 347 233 347 233 347 234 347 234 347 235 347 235 347 236 347 236 347 237 347 237 347 238 347 238 347 239 347 239 347 240 
6 104
347 240 347 240 346 240 346 241 346 241 346 242 346 242 346 242 345 242 345 243 345 243 345 243 344 243 344 244 344 244 344 245 344 245 344 246 344 246 344 247 344 247 344 248 344 248 344 249 344 249 344 250 344 250 344 251 344 251 344 252 344 252 344 253 344 253 344 254 344 254 344 255 344 255 344 256 344 256 344 257 344 257 344 257 343 257 343 258 343 258 343 259 343 259 343 260 343 260 343 261 343 261 343 262 343 262 343 263 343 263 343 264 343 264 343 265 343 265 343 266 343 266 343 267 343 267 343 268 343 268 343 269 343 269 343 270 343 270 343 271 343 271 343 272 343 272 343 273 343 273 343 274 343 274 344 274 344 274 344 275 344 275 344 276 344 276 345 276 345 276 345 277 345 277 345 278 345 278 346 278 346 278 346 279 346 279 346 280 346 280 347 280 347 280 347 281 347 281 347 282 347 282 348 282 348 282 348 283 
7 94
347 240 348 240 348 240 349 240 349 240 350 240 350 240 350 241 350 241 351 241 351 241 352 241 352 241 353 241 353 241 354 241 354 241 355 241 355 241 356 241 356 241 357 241 357 241 358 241 358 241 359 241 359 241 359 241 359 240 360 240 360 240 361 240 361 240 362 240 362 240 362 240 362 239 363 239 363 239 364 239 364 239 365 239 365 239 365 239 365 238 366 238 366 238 367 238 367 238 368 238 368 238 369 238 369 238 370 238 370 238 371 238 371 238 371 238 371 237 372 237 372 237 373 237 373 237 374 237 374 237 375 237 375 237 376 237 376 237 377 237 377 237 378 237 378 237 379 237 379 237 380 237 380 237 381 237 381 237 382 237 382 237 383 237 383 237 384 237 384 237 385 237 385 237 386 237 386 237 387 237 387 237 388 237 388 237 389 237 
8 154
348 283 349 283 349 283 350 283 350 283 351 283 351 283 352 283 352 283 352 284 352 284 353 284 353 284 354 284 354 284 355 284 355 284 355 285 355 285 356 285 356 285 357 285 357 285 358 285 358 285 359 285 359 285 360 285 360 285 361 285 361 285 362 285 362 285 363 285 363 285 364 285 364 285 365 285 365 285 366 285 366 285 367 285 367 285 367 285 367 284 368 284 368 284 369 284 369 284 370 284 370 284 371 284 371 284 371 284 371 283 372 283 372 283 373 283 373 283 374 283 374 283 375 283 375 283 375 283 375 282 376 282 376 282 377 282 377 282 378 282 378 282 379 282 379 282 379 282 379 281 380 281 380 281 381 281 381 281 382 281 382 281 383 281 383 281 384 281 384 281 384 281 384 280 385 280 385 280 386 280 386 280 387 280 387 280 388 280 388 280 389 280 389 280 390 280 390 280 391 280 391 280 392 280 392 280 393 280 393 280 394 280 394 280 394 280 394 279 395 279 395 279 396 279 396 279 397 279 397 279 398 279 398 279 399 279 399 279 400 279 400 279 401 279 401 279 402 279 402 279 403 279 403 279 404 279 404 279 405 279 405 279 406 279 406 279 407 279 407 279 408 279 408 279 409 279 409 279 410 279 410 279 411 279 411 279 411 279 411 278 412 278 412 278 413 278 413 278 413 278 413 277 414 277 414 277 415 277 
9 312
348 283 348 284 348 284 348 284 347 284 347 285 347 285 347 286 347 286 347 286 346 286 346 287 346 287 346 288 346 288 346 288 345 288 345 289 345 289 345 290 345 290 345 291 345 291 345 291 344 291 344 292 344 292 344 293 344 293 344 293 343 293 343 294 343 294 343 295 343 295 343 296 343 296 343 297 343 297 343 298 343 298 343 298 342 298 342 299 342 299 342 300 342 300 342 301 342 301 342 302 342 302 342 302 341 302 341 303 341 303 341 304 341 304 341 305 341 305 341 306 341 306 341 307 341 307 341 308 341 308 341 309 341 309 341 310 341 310 341 311 341 311 341 312 341 312 341 313 341 313 341 314 341 314 341 315 341 315 341 315 340 315 340 316 340 316 340 317 340 317 340 318 340 318 340 319 340 319 341 319 341 319 341 320 341 320 341 321 341 321 342 321 342 321 342 322 342 322 342 323 342 323 343 323 343 323 343 324 343 324 344 324 344 324 344 325 344 325 344 326 344 326 345 326 345 326 345 327 345 327 346 327 346 327 346 328 346 328 346 329 346 329 346 330 346 330 346 331 346 331 347 331 347 331 347 332 347 332 347 333 347 333 347 334 347 334 347 335 347 335 347 336 347 336 347 337 347 337 347 338 347 338 347 339 347 339 347 340 347 340 347 341 347 341 347 342 347 342 347 343 347 343 347 344 347 344 347 345 347 345 347 346 347 346 347 347 347 347 347 348 347 348 347 349 347 349 347 350 347 350 347 351 347 351 348 351 348 351 348 352 348 352 348 353 348 353 349 353 349 353 349 354 349 354 349 355 349 355 350 355 350 355 350 356 350 356 351 356 351 356 351 357 351 357 352 357 352 357 353 357 353 357 353 358 353 358 354 358 354 358 354 359 354 359 355 359 355 359 355 360 355 360 355 361 355 361 356 361 356 361 356 362 356 362 357 362 357 362 357 363 357 363 357 364 357 364 357 365 357 365 357 365 356 365 356 366 356 366 356 367 356 367 356 368 356 368 356 369 356 369 356 370 356 370 356 370 355 370 355 371 355 371 355 371 354 371 354 372 354 372 354 373 354 373 354 373 353 373 353 374 353 374 353 374 352 374 352 375 352 375 352 376 352 376 352 376 351 376 351 377 351 377 351 378 351 378 351 379 351 379 351 380 351 380 351 380 350 380 350 381 350 381 350 382 350 382 350 383 350 383 350 384 350 384 350 385 350 385 350 386 350 386 350 387 350 387 350 388 350 388 350 389 350 389 350 390 350 390 350 391 350 391 350 392 350 392 350 393 350 393 350 394 350 394 350 395 350 395 350 395 349 395 349 396 349 396 349 397 349 397 349 398 349 398 349 399 349 399 349 400 349 400 349 401 349 401 349 402 349 402 349 402 348 402 348 403 348 403 348 404 348 404 348 405 
10 816
348 405 349 405 349 405 349 406 349 406 350 406 350 406 351 406 351 406 351 407 351 407 352 407 352 407 353 407 353 407 353 408 353 408 354 408 354 408 355 408 355 408 356 408 356 408 357 408 357 408 357 409 357 409 358 409 358 409 359 409 359 409 360 409 360 409 361 409 361 409 362 409 362 409 362 410 362 410 363 410 363 410 364 410 364 410 365 410 365 410 366 410 366 410 366 411 366 411 367 411 367 411 368 411 368 411 368 412 368 412 369 412 369 412 370 412 370 412 371 412 371 412 371 413 371 413 372 413 372 413 373 413 373 413 374 413 374 413 374 414 374 414 375 414 375 414 376 414 376 414 377 414 377 414 378 414 378 414 378 415 378 415 379 415 379 415 380 415 380 415 380 416 380 416 381 416 381 416 382 416 382 416 382 417 382 417 383 417 383 417 384 417 384 417 384 418 384 418 385 418 385 418 386 418 386 418 387 418 387 418 387 419 387 419 388 419 388 419 389 419 389 419 389 420 389 420 390 420 390 420 391 420 391 420 391 421 391 421 392 421 392 421 393 421 393 421 393 422 393 422 394 422 394 422 395 422 395 422 396 422 396 422 397 422 397 422 397 423 397 423 398 423 398 423 399 423 399 423 400 423 400 423 401 423 401 423 401 424 401 424 402 424 402 424 403 424 403 424 403 425 403 425 404 425 404 425 405 425 405 425 406 425 406 425 407 425 407 425 408 425 408 425 408 426 408 426 409 426 409 426 410 426 410 426 411 426 411 426 412 426 412 426 413 426 413 426 413 427 413 427 414 427 414 427 415 427 415 427 416 427 416 427 416 428 416 428 417 428 417 428 418 428 418 428 418 429 418 429 419 429 419 429 420 429 420 429 420 430 420 430 421 430 421 430 422 430 422 430 423 430 423 430 424 430 424 430 425 430 425 430 426 430 426 430 426 431 426 431 427 431 427 431 428 431 428 431 429 431 429 431 429 432 429 432 430 432 430 432 431 432 431 432 431 433 431 433 432 433 432 433 433 433 433 433 434 433 434 433 435 433 435 433 436 433 436 433 437 433 437 433 438 433 438 433 439 433 439 433 440 433 440 433 441 433 441 433 442 433 442 433 442 434 442 434 443 434 443 434 444 434 444 434 445 434 445 434 446 434 446 434 447 434 447 434 448 434 448 434 448 435 448 435 449 435 449 435 450 435 450 435 451 435 451 435 452 435 452 435 453 435 453 435 453 436 453 436 454 436 454 436 455 436 455 436 455 436 455 435 456 435 456 435 457 435 457 435 458 435 458 435 459 435 459 435 460 435 460 435 461 435 461 435 462 435 462 435 463 435 463 435 464 435 464 435 464 436 464 436 465 436 465 436 466 436 466 436 466 437 466 437 467 437 467 437 468 437 468 437 468 438 468 438 469 438 469 438 470 438 470 438 471 438 471 438 472 438 472 438 472 439 472 439 473 439 473 439 474 439 474 439 475 439 475 439 476 439 476 439 477 439 477 439 478 439 478 439 479 439 479 439 480 439 480 439 481 439 481 439 481 440 481 440 482 440 482 440 483 440 483 440 484 440 484 440 485 440 485 440 486 440 486 440 487 440 487 440 488 440 488 440 489 440 489 440 490 440 490 440 491 440 491 440 491 441 491 441 492 441 492 441 493 441 493 441 494 441 494 441 495 441 495 441 496 441 496 441 496 442 496 442 497 442 497 442 498 442 498 442 499 442 499 442 499 443 499 443 500 443 500 443 501 443 501 443 502 443 502 443 502 444 502 444 503 444 503 444 504 444 504 444 505 444 505 444 505 445 505 445 506 445 506 445 507 445 507 445 508 445 508 445 508 446 508 446 509 446 509 446 510 446 510 446 511 446 511 446 512 446 512 446 513 446 513 446 514 446 514 446 515 446 515 446 516 446 516 446 517 446 517 446 518 446 518 446 519 446 519 446 520 446 520 446 521 446 521 446 522 446 522 446 523 446 523 446 524 446 524 446 525 446 525 446 526 446 526 446 527 446 527 446 528 446 528 446 528 446 528 445 529 445 529 445 530 445 530 445 531 445 531 445 532 445 532 445 533 445 533 445 533 446 533 446 534 446 534 446 535 446 535 446 536 446 536 446 537 446 537 446 538 446 538 446 539 446 539 446 539 447 539 447 540 447 540 447 541 447 541 447 542 447 542 447 542 448 542 448 543 448 543 448 544 448 544 448 545 448 545 448 545 449 545 449 546 449 546 449 547 449 547 449 548 449 548 449 549 449 549 449 549 450 549 450 550 450 550 450 551 450 551 450 552 450 552 450 553 450 553 450 553 451 553 451 554 451 554 451 555 451 555 451 556 451 556 451 557 451 557 451 558 451 558 451 558 452 558 452 559 452 559 452 560 452 560 452 561 452 561 452 561 453 561 453 562 453 562 453 563 453 563 453 564 453 564 453 564 454 564 454 565 454 565 454 566 454 566 454 567 454 567 454 568 454 568 454 568 455 568 455 569 455 569 455 570 455 570 455 571 455 571 455 572 455 572 455 573 455 573 455 574 455 574 455 575 455 575 455 575 456 575 456 576 456 576 456 577 456 577 456 578 456 578 456 579 456 579 456 580 456 580 456 580 457 580 457 581 457 581 457 582 457 582 457 583 457 583 457 584 457 584 457 585 457 585 457 585 458 585 458 586 458 586 458 587 458 587 458 588 458 588 458 589 458 589 458 590 458 590 458 590 459 590 459 591 459 591 459 592 459 592 459 593 459 593 459 594 459 594 459 595 459 595 459 595 460 595 460 596 460 596 460 597 460 597 460 598 460 598 460 599 460 599 460 600 460 600 460 601 460 601 460 601 461 601 461 602 461 602 461 603 461 603 461 604 461 604 461 605 461 605 461 606 461 606 461 607 461 607 461 607 462 607 462 608 462 608 462 609 462 609 462 610 462 610 462 611 462 611 462 612 462 612 462 613 462 613 462 613 463 613 463 614 463 614 463 615 463 615 463 616 463 616 463 617 463 617 463 617 464 617 464 618 464 618 464 619 464 619 464 620 464 620 464 621 464 621 464 622 464 622 464 623 464 623 464 624 464 624 464 625 464 625 464 626 464 626 464 627 464 627 464 628 464 628 464 629 464 629 464 630 464 630 464 631 464 631 464 632 464 632 464 633 464 633 464 634 464 634 464 635 464 635 464 636 464 636 464 637 464 637 464 638 464 638 464 639 464 639 464 640 464 640 464 641 464 641 464 642 464 642 464 643 464 643 464 644 464 644 464 645 464 645 464 646 464 646 464 647 464 647 464 647 465 647 465 648 465 648 465 649 465 649 465 649 466 649 466 650 466 650 466 651 466 651 466 651 467 651 467 652 467 652 467 653 467 653 467 654 467 654 467 655 467 655 467 655 468 655 468 656 468 656 468 657 468 657 468 657 469 657 469 658 469 658 469 658 470 658 470 659 470 659 470 659 471 659 471 659 472 659 472 660 472 660 472 660 473 660 473 660 474 660 474 660 475 660 475 660 476 660 476 661 476 661 476 661 477 661 477 661 478 661 478 662 478 662 478 662 479 662 479 662 480 662 480 662 481 662 481 662 482 662 482 663 482 663 482 663 483 663 483 663 484 663 484 663 485 663 485 663 486 663 486 663 487 663 487 663 488 663 488 663 489 663 489 664 489 664 489 664 490 664 490 664 491 664 491 664 492 664 492 664 494 
11 940
389 237 389 237 389 236 389 236 389 235 390 235 390 235 390 235 390 234 391 234 391 234 391 234 391 233 392 233 392 233 392 233 392 232 393 232 393 232 393 232 393 231 394 231 394 231 394 231 394 230 395 230 395 230 395 230 395 229 396 229 396 229 396 229 396 228 397 228 397 228 397 228 397 227 397 227 397 226 398 226 398 226 398 226 398 225 398 225 398 224 398 224 398 223 398 223 398 222 398 222 398 221 398 221 398 220 398 220 398 219 399 219 399 219 399 219 399 218 399 218 399 217 400 217 400 217 400 217 400 216 401 216 401 216 402 216 402 216 402 216 402 215 403 215 403 215 404 215 404 215 404 215 404 214 405 214 405 214 406 214 406 214 407 214 407 214 408 214 408 214 408 214 408 213 409 213 409 213 410 213 410 213 411 213 411 213 411 213 411 212 412 212 412 212 413 212 413 212 413 212 413 211 414 211 414 211 415 211 415 211 415 211 415 210 416 210 416 210 417 210 417 210 417 210 417 209 418 209 418 209 419 209 419 209 420 209 420 209 421 209 421 209 422 209 422 209 423 209 423 209 424 209 424 209 425 209 425 209 426 209 426 209 427 209 427 209 428 209 428 209 429 209 429 209 430 209 430 209 431 209 431 209 432 209 432 209 433 209 433 209 434 209 434 209 434 209 434 208 435 208 435 208 436 208 436 208 437 208 437 208 438 208 438 208 438 208 438 207 439 207 439 207 440 207 440 207 440 207 440 206 441 206 441 206 441 206 441 205 442 205 442 205 443 205 443 205 443 205 443 204 444 204 444 204 445 204 445 204 446 204 446 204 447 204 447 204 448 204 448 204 449 204 449 204 450 204 450 204 451 204 451 204 452 204 452 204 453 204 453 204 453 204 453 203 454 203 454 203 455 203 455 203 456 203 456 203 457 203 457 203 458 203 458 203 459 203 459 203 460 203 460 203 461 203 461 203 462 203 462 203 462 204 462 204 463 204 463 204 464 204 464 204 465 204 465 204 465 205 465 205 466 205 466 205 467 205 467 205 468 205 468 205 469 205 469 205 470 205 470 205 470 206 470 206 471 206 471 206 472 206 472 206 472 207 472 207 473 207 473 207 473 208 473 208 474 208 474 208 474 209 474 209 475 209 475 209 476 209 476 209 477 209 477 209 477 210 477 210 478 210 478 210 479 210 479 210 480 210 480 210 480 210 480 209 481 209 481 209 482 209 482 209 483 209 483 209 484 209 484 209 484 209 484 208 485 208 485 208 485 208 485 207 486 207 486 207 487 207 487 207 487 207 487 206 488 206 488 206 488 206 488 205 489 205 489 205 490 205 490 205 490 205 490 204 491 204 491 204 492 204 492 204 493 204 493 204 494 204 494 204 495 204 495 204 496 204 496 204 497 204 497 204 498 204 498 204 499 204 499 204 500 204 500 204 500 204 500 203 501 203 501 203 502 203 502 203 503 203 503 203 504 203 504 203 504 203 504 202 505 202 505 202 506 202 506 202 507 202 507 202 508 202 508 202 509 202 509 202 510 202 510 202 511 202 511 202 512 202 512 202 513 202 513 202 514 202 514 202 515 202 515 202 516 202 516 202 517 202 517 202 518 202 518 202 519 202 519 202 520 202 520 202 521 202 521 202 522 202 522 202 523 202 523 202 524 202 524 202 525 202 525 202 526 202 526 202 526 203 526 203 527 203 527 203 528 203 528 203 529 203 529 203 530 203 530 203 531 203 531 203 532 203 532 203 533 203 533 203 534 203 534 203 534 204 534 204 535 204 535 204 536 204 536 204 537 204 537 204 538 204 538 204 538 205 538 205 539 205 539 205 540 205 540 205 541 205 541 205 542 205 542 205 543 205 543 205 543 205 543 204 544 204 544 204 545 204 545 204 545 204 545 203 546 203 546 203 547 203 547 203 547 203 547 202 548 202 548 202 548 202 548 201 549 201 549 201 550 201 550 201 550 201 550 200 551 200 551 200 551 200 551 199 552 199 552 199 552 199 552 198 553 198 553 198 553 198 553 197 554 197 554 197 554 197 554 196 555 196 555 196 555 196 555 195 556 195 556 195 556 195 556 194 557 194 557 194 557 194 557 193 558 193 558 193 558 193 558 192 559 192 559 192 560 192 560 192 560 192 560 191 561 191 561 191 561 191 561 190 562 190 562 190 562 190 562 189 563 189 563 189 563 189 563 188 564 188 564 188 565 188 565 188 565 188 565 187 566 187 566 187 566 187 566 186 567 186 567 186 567 186 567 185 567 185 567 184 568 184 568 184 569 184 569 184 569 184 569 183 570 183 570 183 570 183 570 182 571 182 571 182 571 182 571 181 572 181 572 181 573 181 573 181 574 181 574 181 575 181 575 181 576 181 576 181 577 181 577 181 578 181 578 181 579 181 579 181 580 181 580 181 581 181 581 181 582 181 582 181 583 181 583 181 584 181 584 181 585 181 585 181 586 181 586 181 587 181 587 181 588 181 588 181 589 181 589 181 590 181 590 181 591 181 591 181 592 181 592 181 593 181 593 181 593 181 593 180 594 180 594 180 595 180 595 180 596 180 596 180 597 180 597 180 598 180 598 180 599 180 599 180 600 180 600 180 601 180 601 180 602 180 602 180 603 180 603 180 604 180 604 180 604 181 604 181 605 181 605 181 606 181 606 181 607 181 607 181 607 182 607 182 608 182 608 182 609 182 609 182 609 183 609 183 610 183 610 183 611 183 611 183 612 183 612 183 613 183 613 183 613 184 613 184 614 184 614 184 615 184 615 184 616 184 616 184 617 184 617 184 618 184 618 184 619 184 619 184 619 184 619 183 620 183 620 183 621 183 621 183 622 183 622 183 623 183 623 183 624 183 624 183 624 183 624 182 625 182 625 182 626 182 626 182 627 182 627 182 627 182 627 181 628 181 628 181 629 181 629 181 630 181 630 181 631 181 631 181 631 181 631 180 632 180 632 180 633 180 633 180 634 180 634 180 635 180 635 180 635 180 635 179 636 179 636 179 637 179 637 179 638 179 638 179 639 179 639 179 640 179 640 179 640 179 640 178 641 178 641 178 642 178 642 178 643 178 643 178 644 178 644 178 644 178 644 177 645 177 645 177 646 177 646 177 647 177 647 177 648 177 648 177 648 177 648 176 649 176 649 176 650 176 650 176 651 176 651 176 652 176 652 176 653 176 653 176 654 176 654 176 654 176 654 175 655 175 655 175 656 175 656 175 657 175 657 175 658 175 658 175 659 175 659 175 660 175 660 175 661 175 661 175 662 175 662 175 663 175 663 175 663 175 663 174 664 174 664 174 665 174 665 174 666 174 666 174 667 174 667 174 668 174 668 174 668 174 668 173 669 173 669 173 670 173 670 173 671 173 671 173 671 173 671 172 672 172 672 172 672 172 672 171 673 171 673 171 673 171 673 170 674 170 674 170 674 170 674 169 675 169 675 169 675 169 675 168 676 168 676 168 676 168 676 167 677 167 677 167 677 167 677 166 678 166 678 166 678 166 678 165 679 165 679 165 679 165 679 164 680 164 680 164 681 164 681 164 681 164 681 163 682 163 682 163 682 163 682 162 683 162 683 162 683 162 683 161 684 161 684 161 685 161 685 161 685 161 685 160 686 160 686 160 686 160 686 159 687 159 687 159 687 159 687 158 688 158 688 158 689 158 689 158 690 158 690 158 691 158 691 158 692 158 692 158 693 158 693 158 693 158 693 157 694 157 694 157 694 157 694 156 695 156 695 156 695 156 695 155 696 155 696 155 696 155 696 154 697 154 697 154 697 154 697 153 697 153 697 152 697 152 697 151 697 151 697 150 698 150 698 150 698 150 698 149 699 149 699 149 699 149 699 148 700 148 700 148 701 148 701 148 702 148 702 148 703 148 703 148 704 148 704 148 705 148 705 148 706 148 706 148 707 148 707 148 708 148 708 148 709 148 709 148 710 148 710 148 711 148 711 148 712 148 712 148 713 148 713 148 714 148 714 148 715 148 715 148 716 148 716 148 717 148 717 148 718 148 718 148 719 148 719 148 720 148 720 148 720 148 720 147 721 147 721 147 722 147 722 147 723 147 723 147 723 147 723 146 724 146 724 146 725 146 725 146 726 146 726 146 726 146 726 145 727 145 727 145 728 145 728 145 729 145 729 145 730 145 730 145 731 145 731 145 732 145 732 145 733 145 733 145 734 145 734 145 735 145 735 145 736 145 736 145 737 145 737 145 738 145 738 145 740 145 
12 132
389 237 389 238 389 238 389 239 389 239 390 239 390 239 390 240 390 240 390 241 390 241 390 242 390 242 391 242 391 242 391 243 391 243 391 244 391 244 391 245 391 245 391 246 391 246 392 246 392 246 392 247 392 247 392 248 392 248 392 249 392 249 393 249 393 249 393 250 393 250 393 251 393 251 394 251 394 251 394 252 394 252 395 252 395 252 395 253 395 253 396 253 396 253 396 254 396 254 397 254 397 254 398 254 398 254 398 255 398 255 399 255 399 255 400 255 400 255 400 256 400 256 401 256 401 256 401 257 401 257 402 257 402 257 402 258 402 258 403 258 403 258 404 258 404 258 404 259 404 259 405 259 405 259 405 260 405 260 405 261 405 261 406 261 406 261 406 262 406 262 407 262 407 262 407 263 407 263 408 263 408 263 408 264 408 264 409 264 409 264 409 265 409 265 410 265 410 265 410 266 410 266 411 266 411 266 411 267 411 267 412 267 412 267 412 268 412 268 413 268 413 268 413 269 413 269 414 269 414 269 414 270 414 270 414 271 414 271 415 271 415 271 415 272 415 272 415 273 415 273 415 274 415 274 415 275 415 275 415 276 415 276 415 277 
13 990
415 277 416 277 416 277 417 277 417 277 417 278 417 278 418 278 418 278 419 278 419 278 420 278 420 278 420 279 420 279 421 279 421 279 422 279 422 279 423 279 423 279 424 279 424 279 425 279 425 279 425 280 425 280 426 280 426 280 427 280 427 280 428 280 428 280 429 280 429 280 430 280 430 280 431 280 431 280 432 280 432 280 433 280 433 280 434 280 434 280 435 280 435 280 436 280 436 280 437 280 437 280 438 280 438 280 439 280 439 280 440 280 440 280 441 280 441 280 441 281 441 281 442 281 442 281 443 281 443 281 444 281 444 281 445 281 445 281 446 281 446 281 447 281 447 281 448 281 448 281 449 281 449 281 449 282 449 282 450 282 450 282 451 282 451 282 451 283 451 283 452 283 452 283 452 284 452 284 453 284 453 284 454 284 454 284 454 285 454 285 455 285 455 285 455 286 455 286 456 286 456 286 456 287 456 287 457 287 457 287 457 288 457 288 458 288 458 288 459 288 459 288 460 288 460 288 461 288 461 288 462 288 462 288 462 289 462 289 463 289 463 289 464 289 464 289 464 290 464 290 465 290 465 290 465 291 465 291 466 291 466 291 466 292 466 292 467 292 467 292 467 293 467 293 467 294 467 294 467 295 467 295 467 296 467 296 467 297 467 297 468 297 468 297 468 298 468 298 468 299 468 299 468 300 468 300 468 301 468 301 468 302 468 302 468 303 468 303 468 304 468 304 468 305 468 305 468 306 468 306 468 307 468 307 468 308 468 308 468 309 468 309 468 310 468 310 468 311 468 311 468 312 468 312 468 313 468 313 468 314 468 314 468 315 468 315 468 316 468 316 468 317 468 317 469 317 469 317 469 318 469 318 470 318 470 318 470 319 470 319 471 319 471 319 471 320 471 320 472 320 472 320 473 320 473 320 474 320 474 320 474 321 474 321 475 321 475 321 476 321 476 321 476 322 476 322 477 322 477 322 478 322 478 322 478 323 478 323 478 324 478 324 479 324 479 324 479 325 479 325 479 326 479 326 480 326 480 326 480 327 480 327 480 328 480 328 480 329 480 329 480 330 480 330 480 331 480 331 480 332 480 332 480 333 480 333 480 334 480 334 480 334 479 334 479 335 479 335 479 336 479 336 479 337 479 337 479 338 479 338 479 339 479 339 479 340 479 340 480 340 480 340 480 341 480 341 480 342 480 342 481 342 481 342 481 343 481 343 482 343 482 343 482 344 482 344 483 344 483 344 483 345 483 345 484 345 484 345 485 345 485 345 485 346 485 346 486 346 486 346 486 347 486 347 487 347 487 347 488 347 488 347 488 348 488 348 489 348 489 348 489 349 489 349 490 349 490 349 491 349 491 349 492 349 492 349 492 350 492 350 493 350 493 350 493 351 493 351 494 351 494 351 494 352 494 352 495 352 495 352 496 352 496 352 497 352 497 352 497 353 497 353 498 353 498 353 499 353 499 353 499 354 499 354 500 354 500 354 501 354 501 354 501 355 501 355 502 355 502 355 502 356 502 356 503 356 503 356 503 357 503 357 504 357 504 357 504 358 504 358 504 359 504 359 504 360 504 360 504 361 504 361 505 361 505 361 505 362 505 362 505 363 505 363 505 364 505 364 505 365 505 365 505 366 505 366 505 367 505 367 505 368 505 368 505 369 505 369 505 370 505 370 505 371 505 371 505 372 505 372 505 373 505 373 505 374 505 374 505 375 505 375 505 376 505 376 505 377 505 377 505 378 505 378 505 379 505 379 505 380 505 380 505 381 505 381 505 382 505 382 505 383 505 383 505 384 505 384 505 385 505 385 505 386 505 386 505 387 505 387 505 388 505 388 505 389 505 389 505 390 505 390 505 391 505 391 505 392 505 392 505 393 505 393 505 394 505 394 505 395 505 395 505 396 505 396 505 397 505 397 505 398 505 398 505 399 505 399 506 399 506 399 506 400 506 400 507 400 507 400 507 401 507 401 508 401 508 401 509 401 509 401 510 401 510 401 511 401 511 401 512 401 512 401 513 401 513 401 514 401 514 401 515 401 515 401 516 401 516 401 517 401 517 401 518 401 518 401 519 401 519 401 520 401 520 401 521 401 521 401 522 401 522 401 523 401 523 401 524 401 524 401 525 401 525 401 526 401 526 401 527 401 527 401 527 402 527 402 528 402 528 402 529 402 529 402 530 402 530 402 531 402 531 402 532 402 532 402 533 402 533 402 534 402 534 402 535 402 535 402 536 402 536 402 537 402 537 402 538 402 538 402 539 402 539 402 540 402 540 402 541 402 541 402 542 402 542 402 542 403 542 403 543 403 543 403 544 403 544 403 545 403 545 403 545 404 545 404 546 404 546 404 547 404 547 404 548 404 548 404 548 405 548 405 549 405 549 405 550 405 550 405 551 405 551 405 552 405 552 405 552 406 552 406 553 406 553 406 554 406 554 406 555 406 555 406 556 406 556 406 557 406 557 406 558 406 558 406 559 406 559 406 560 406 560 406 561 406 561 406 562 406 562 406 562 407 562 407 563 407 563 407 564 407 564 407 565 407 565 407 566 407 566 407 567 407 567 407 567 408 567 408 568 408 568 408 569 408 569 408 569 409 569 409 570 409 570 409 571 409 571 409 571 410 571 410 572 410 572 410 573 410 573 410 573 411 573 411 574 411 574 411 574 412 574 412 575 412 575 412 576 412 576 412 577 412 577 412 577 413 577 413 578 413 578 413 578 414 578 414 579 414 579 414 579 415 579 415 580 415 580 415 580 416 580 416 580 417 580 417 581 417 581 417 581 418 581 418 581 419 581 419 581 420 581 420 581 421 581 421 581 422 581 422 581 423 581 423 582 423 582 423 582 424 582 424 582 425 582 425 583 425 583 425 583 426 583 426 583 427 583 427 584 427 584 427 584 428 584 428 585 428 585 428 586 428 586 428 586 429 586 429 587 429 587 429 588 429 588 429 588 430 588 430 589 430 589 430 590 430 590 430 591 430 591 430 591 431 591 431 592 431 592 431 593 431 593 431 593 432 593 432 594 432 594 432 595 432 595 432 596 432 596 432 596 433 596 433 597 433 597 433 598 433 598 433 599 433 599 433 600 433 600 433 601 433 601 433 602 433 602 433 603 433 603 433 604 433 604 433 605 433 605 433 606 433 606 433 607 433 607 433 608 433 608 433 608 433 608 432 609 432 609 432 610 432 610 432 611 432 611 432 612 432 612 432 612 432 612 431 613 431 613 431 614 431 614 431 615 431 615 431 616 431 616 431 617 431 617 431 618 431 618 431 619 431 619 431 620 431 620 431 621 431 621 431 622 431 622 431 623 431 623 431 624 431 624 431 625 431 625 431 626 431 626 431 627 431 627 431 628 431 628 431 629 431 629 431 630 431 630 431 631 431 631 431 632 431 632 431 633 431 633 431 634 431 634 431 635 431 635 431 636 431 636 431 637 431 637 431 638 431 638 431 639 431 639 431 640 431 640 431 640 432 640 432 641 432 641 432 642 432 642 432 643 432 643 432 644 432 644 432 645 432 645 432 646 432 646 432 647 432 647 432 648 432 648 432 649 432 649 432 650 432 650 432 651 432 651 432 652 432 652 432 653 432 653 432 654 432 654 432 655 432 655 432 656 432 656 432 657 432 657 432 658 432 658 432 659 432 659 432 660 432 660 432 661 432 661 432 662 432 662 432 663 432 663 432 664 432 664 432 665 432 665 432 666 432 666 432 667 432 667 432 668 432 668 432 669 432 669 432 670 432 670 432 671 432 671 432 672 432 672 432 673 432 673 432 674 432 674 432 675 432 675 432 676 432 676 432 677 432 677 432 678 432 678 432 679 432 679 432 680 432 680 432 681 432 681 432 682 432 682 432 683 432 683 432 684 432 684 432 685 432 685 432 685 433 685 433 686 433 686 433 687 433 687 433 688 433 688 433 689 433 689 433 689 434 689 434 690 434 690 434 691 434 691 434 692 434 692 434 692 435 692 435 693 435 693 435 694 435 694 435 694 436 694 436 695 436 695 436 696 436 696 436 697 436 697 436 698 436 698 436 698 437 698 437 699 437 699 437 700 437 700 437 701 437 701 437 702 437 702 437 703 437 703 437 704 437 704 437 705 437 705 437 706 437 706 437 707 437 707 437 707 438 707 438 708 438 708 438 709 438 709 438 710 438 710 438 711 438 711 438 711 439 711 439 712 439 712 439 713 439 713 439 714 439 714 439 714 440 714 440 715 440 715 440 716 440 716 440 717 440 717 440 718 440 718 440 719 440 719 440 720 440 720 440 721 440 721 440 722 440 722 440 722 441 722 441 723 441 723 441 724 441 724 441 725 441 725 441 726 441 726 441 727 441 727 441 728 441 728 441 729 441 729 441 730 441 730 441 731 441 731 441 732 441 732 441 732 442 732 442 733 442 733 442 734 442 734 442 735 442 735 442 736 442 736 442 737 442 737 442 738 442 738 442 740 442 
CtrlSeqSet
15
0 4
93 340 0 62 334 0 28 333 0 0 333 0 
1 10
93 340 0 104 316 0 146 294 0 172 285 0 195 244 0 220 219 0 249 199 0 282 182 0 316 167 0 344 158 0 
2 8
93 340 0 110 369 0 150 379 0 198 379 0 244 383 0 286 391 0 327 400 0 348 405 0 
3 11
344 158 0 328 131 0 302 122 0 269 122 0 241 122 0 208 124 0 167 128 0 124 132 0 84 133 0 38 135 0 0 136 0 
4 12
346 156 0 382 142 0 418 129 0 458 119 0 495 107 0 533 95 0 567 80 0 602 66 0 637 51 0 674 39 0 710 25 0 740 16 0 
5 3
346 156 0 346 204 0 347 240 0 
6 2
347 240 0 348 283 0 
7 2
347 240 0 389 237 0 
8 3
348 283 0 380 288 0 403 279 0 
9 5
348 283 0 352 322 0 353 361 0 353 385 0 348 405 0 
10 10
348 405 0 385 418 0 423 430 0 465 436 0 506 445 0 549 450 0 590 459 0 634 464 0 663 486 0 664 494 0 
11 11
389 237 0 413 211 0 452 201 0 495 194 0 536 190 0 567 185 0 608 176 0 651 167 0 688 157 0 721 147 0 740 145 0 
12 3
389 237 0 410 266 0 403 279 0 
13 11
403 279 0 456 286 0 474 320 0 488 360 0 495 396 0 541 411 0 571 421 0 604 433 0 643 448 0 695 449 0 740 442 0 
14 2
627 492 0 664 494 0 
IfSplit
8
1 1 1 1 1 1 1 1 
jpt
8
93.5 340.5 0 344 158 0 346.5 156.5 0 347.5 240.5 0 348.5 283.5 0 348.5 405.5 0 389.5 237.5 0 403 279 0 
Seqid
8
3981824 3981824 3981824 3981824 3981824 3981824 3981824 3981824 
splineid
8
0 3
0 1 2 
1 2
1 3 
2 2
4 5 
3 3
5 6 7 
4 3
6 8 9 
5 3
2 9 10 
6 3
7 11 12 
7 3
8 12 13 
