CircularSet
30
0 0 0 0 0 0 0 0 0 0 0 0 0 0 0 0 0 0 0 0 0 0 0 0 0 0 0 0 0 0 
ParaSet
30
0.28 0.15 0.15 0.1 0.15 0.15 0.15 0.1 0.1 0.15 0.15 0.15 0.15 0.15 0.15 0.28 0.15 0.15 0.28 0.28 0.15 0.15 0.15 0.15 0.15 0.15 0.15 0.1 0.15 0.15 
SeqSet
30
0 59
197 269 198 269 199 269 200 269 201 269 201 268 202 268 203 268 204 268 205 268 206 268 207 268 207 267 208 267 209 267 210 267 211 267 211 266 212 266 213 266 214 266 215 266 215 265 216 265 217 265 218 265 219 265 219 264 220 264 221 264 222 264 223 264 224 264 225 264 225 263 226 263 227 263 228 263 229 263 230 263 231 263 232 263 233 263 234 263 235 263 236 263 237 263 237 262 237 261 237 262 237 263 238 263 239 263 240 263 240 262 241 262 242 262 242 261 242 260 
1 17
242 260 243 260 244 260 245 260 246 260 247 259 247 260 248 260 249 260 250 260 250 261 251 261 252 261 252 262 252 263 253 263 253 264 
2 73
253 264 254 264 254 265 254 266 255 266 255 267 255 268 256 268 256 269 256 270 257 270 257 271 257 272 258 272 258 273 258 274 259 274 259 275 259 276 260 276 260 277 261 277 261 278 261 279 262 279 262 280 262 281 263 281 263 282 263 283 263 284 264 284 264 285 264 286 264 287 265 287 265 288 265 289 265 290 265 291 265 292 265 293 265 294 265 295 265 296 265 297 265 298 265 299 265 300 265 301 265 302 266 302 266 303 266 304 266 305 266 306 266 307 266 308 266 309 266 310 265 310 265 311 265 312 264 312 264 313 264 314 263 314 263 315 263 316 263 317 263 318 263 319 263 320 
3 279
263 320 263 321 263 322 263 323 262 323 262 324 262 325 261 325 261 326 261 327 260 327 260 328 259 328 259 329 259 330 258 330 258 331 257 331 257 332 257 333 256 333 256 334 255 334 255 335 254 335 254 336 253 336 253 337 253 338 252 338 252 339 251 339 251 340 250 340 250 341 249 341 249 342 248 342 248 343 247 343 247 344 246 344 246 345 245 345 245 346 244 346 244 347 243 347 243 348 242 348 242 349 241 349 241 350 240 350 240 351 239 351 239 352 238 352 238 353 237 353 237 354 236 354 236 355 235 355 235 356 234 356 234 357 233 357 233 358 232 358 232 359 231 359 231 360 230 360 230 361 229 361 229 362 228 362 228 363 227 363 226 363 226 364 225 364 225 365 224 365 224 366 223 366 223 367 222 367 221 367 221 368 220 368 220 369 219 369 218 369 218 370 217 370 217 371 216 371 215 371 215 372 214 372 213 372 212 372 211 372 210 372 209 372 209 371 208 371 207 371 207 370 206 370 205 370 205 369 204 369 203 369 203 368 202 368 202 367 201 367 201 366 200 366 200 365 199 365 199 364 198 364 198 363 197 363 197 362 196 362 195 362 195 361 194 361 194 360 193 360 193 359 193 358 192 358 192 357 191 357 191 356 190 356 190 355 189 355 189 354 188 354 188 353 187 353 187 352 187 351 186 351 186 350 185 350 185 349 184 349 184 348 184 347 183 347 183 346 182 346 182 345 182 344 181 344 181 343 180 343 180 342 180 341 179 341 179 340 178 340 178 339 178 338 177 338 177 337 177 336 176 336 176 335 176 334 175 334 175 333 175 332 174 332 174 331 174 330 173 330 173 329 173 328 172 328 172 327 172 326 172 325 171 325 171 324 171 323 171 322 171 321 170 321 170 320 170 319 170 318 170 317 169 317 169 316 169 315 169 314 169 313 169 312 169 311 168 311 168 310 168 309 168 308 168 307 168 306 168 305 168 304 169 304 169 303 169 302 169 301 169 300 169 299 169 298 170 298 170 297 170 296 170 295 170 294 171 294 171 293 171 292 172 292 172 291 172 290 172 289 173 289 173 288 174 288 174 287 175 287 175 286 176 286 176 285 177 285 177 284 177 283 178 283 178 282 179 282 179 281 180 281 180 280 181 280 181 279 182 279 182 278 183 278 183 277 184 277 184 276 185 276 185 275 186 275 187 275 187 274 188 274 188 273 189 273 189 272 190 272 190 271 190 270 190 269 191 269 192 269 193 269 194 269 195 269 196 269 
4 79
218 207 219 207 219 208 219 209 219 210 220 210 220 211 220 212 221 212 221 213 222 213 222 214 222 215 223 215 223 216 223 217 224 217 224 218 224 219 225 219 225 220 225 221 226 221 226 222 226 223 227 223 227 224 227 225 228 225 228 226 228 227 229 227 229 228 229 229 230 229 230 230 230 231 231 231 231 232 231 233 232 233 232 234 232 235 233 235 233 236 233 237 233 238 234 238 234 239 234 240 235 240 235 241 235 242 235 243 236 243 236 244 236 245 237 245 237 246 237 247 237 248 238 248 238 249 238 250 238 251 238 252 238 253 239 253 240 253 241 253 242 253 242 254 243 254 243 255 243 256 243 257 243 258 242 258 241 258 
5 36
261 255 260 255 259 255 258 255 257 255 257 256 256 256 256 257 256 258 256 259 257 259 258 259 259 259 259 258 259 259 259 260 258 260 257 260 256 260 256 261 256 262 256 263 256 264 255 264 254 264 253 264 252 264 251 264 251 265 250 265 249 265 249 266 249 267 249 268 250 268 253 264 
6 118
261 255 260 255 259 255 258 255 258 254 258 253 258 252 257 252 257 251 257 250 256 250 255 250 254 250 253 250 253 249 252 249 252 248 252 247 252 246 252 245 253 245 253 244 253 243 254 243 254 242 255 242 255 241 256 241 256 240 256 239 257 239 257 238 258 238 258 237 258 236 259 236 259 235 259 234 259 233 259 232 260 232 261 232 261 231 261 230 262 230 262 229 262 228 263 228 263 227 263 226 264 226 264 225 264 224 265 224 265 223 265 222 266 222 266 221 266 220 267 220 267 219 268 219 268 218 268 217 269 217 269 216 269 215 270 215 270 214 270 213 271 213 271 212 271 211 272 211 272 210 272 209 273 209 273 208 273 207 274 207 274 206 275 206 275 205 275 204 276 204 276 203 276 202 276 201 277 201 277 200 277 199 278 199 278 198 279 198 279 197 279 196 280 196 280 195 280 194 281 194 281 193 282 193 282 192 282 191 283 191 283 190 283 189 284 189 284 188 285 188 285 187 286 187 286 186 286 185 287 185 287 184 288 184 288 183 
7 324
345 259 347 260 347 259 348 259 348 258 349 258 350 258 350 257 351 257 352 257 352 256 353 256 354 256 355 256 355 255 356 255 357 255 357 254 358 254 359 254 359 253 360 253 361 253 361 252 362 252 362 251 363 251 364 251 364 250 365 250 366 250 366 249 367 249 367 248 368 248 369 248 369 247 370 247 370 246 371 246 371 245 372 245 372 244 373 244 374 244 374 243 375 243 375 242 376 242 376 241 377 241 377 240 378 240 378 239 379 239 379 238 380 238 380 237 381 237 381 236 382 236 382 235 383 235 383 234 384 234 384 233 384 232 385 232 385 231 386 231 386 230 387 230 387 229 387 228 388 228 388 227 388 226 388 225 387 225 386 225 387 225 388 225 389 225 390 225 390 224 390 223 391 223 391 222 391 221 391 220 392 220 392 219 392 218 393 218 393 217 393 216 394 216 394 215 394 214 395 214 395 213 395 212 395 211 396 211 396 210 396 209 396 208 397 208 397 207 397 206 397 205 398 205 398 204 398 203 398 202 398 201 398 200 398 199 398 198 398 197 398 196 398 195 398 194 398 193 398 192 398 191 398 190 398 189 397 189 397 188 397 187 397 186 397 185 397 184 398 184 398 183 398 182 398 181 397 181 397 181 398 181 398 180 398 179 398 178 398 177 398 176 398 175 398 174 398 173 398 172 398 171 397 171 397 170 397 169 397 168 396 168 396 167 396 166 396 165 396 164 395 164 395 163 394 163 394 162 393 162 393 161 392 161 391 161 391 160 390 160 389 160 388 160 388 159 387 159 386 159 385 159 385 158 384 158 383 158 383 157 382 157 381 157 381 156 380 156 379 156 379 155 378 155 377 155 377 154 376 154 375 154 375 153 374 153 373 153 372 153 372 152 371 152 370 152 369 152 368 152 368 151 367 151 366 151 365 151 364 151 363 151 363 150 362 150 361 150 360 150 359 150 358 150 358 149 357 149 356 149 355 149 354 149 353 149 352 149 351 149 350 149 349 149 348 149 347 149 346 149 345 149 344 149 344 150 343 150 342 150 341 150 340 150 339 150 338 150 337 150 337 151 336 151 335 151 334 151 334 152 333 152 332 152 331 152 330 152 330 153 329 153 328 153 327 153 327 154 326 154 325 154 325 155 324 155 323 155 322 155 322 156 321 156 320 156 320 157 319 157 318 157 317 157 317 158 316 158 315 158 315 159 314 159 314 160 313 160 312 160 312 161 311 161 310 161 310 162 309 162 309 163 308 163 308 164 307 164 306 164 306 165 305 165 305 166 304 166 304 167 303 167 302 167 302 168 301 168 301 169 300 169 300 170 299 170 299 171 298 171 298 172 297 172 297 173 296 173 296 174 296 175 295 175 295 176 294 176 294 177 293 177 293 178 292 178 292 179 291 179 291 180 291 181 290 181 290 182 289 182 289 183 288 183 288 184 287 184 286 184 285 184 285 183 285 182 288 183 
8 298
263 320 262 321 263 321 264 321 265 321 265 322 266 322 266 323 267 323 267 324 268 324 268 325 269 325 269 326 270 326 270 327 271 327 271 328 272 328 272 329 273 329 273 330 274 330 274 331 275 331 276 331 276 332 277 332 277 333 278 333 278 334 279 334 280 334 280 335 281 335 282 335 282 336 283 336 283 337 284 337 285 337 285 338 286 338 287 338 287 339 288 339 289 339 289 340 290 340 291 340 291 341 292 341 293 341 293 342 294 342 295 342 296 342 296 343 297 343 298 343 298 344 299 344 300 344 301 344 301 345 302 345 303 345 304 345 304 346 305 346 306 346 306 347 307 347 308 347 309 347 310 347 310 346 310 346 310 347 310 348 311 348 312 348 312 349 313 349 314 349 315 349 316 349 316 350 317 350 318 350 319 350 320 350 321 350 322 350 322 351 323 351 324 351 325 351 326 351 327 351 328 351 328 352 329 352 330 352 331 352 332 352 333 352 334 352 335 352 336 352 337 352 338 352 339 352 340 352 341 352 342 352 343 352 344 352 345 352 346 352 347 352 348 352 349 352 350 352 351 352 351 351 352 351 353 351 354 351 355 351 356 351 357 351 358 351 359 351 359 350 360 350 361 350 362 350 363 350 364 350 364 349 365 349 366 349 367 349 368 349 368 348 369 348 370 348 371 348 372 348 372 347 373 347 374 347 374 346 375 346 376 346 377 346 378 346 378 345 379 345 380 345 381 345 381 344 382 344 383 344 383 343 384 343 385 343 385 342 386 342 386 341 387 341 387 340 388 340 388 339 388 338 388 337 388 336 388 335 388 334 388 333 387 333 387 332 386 332 386 331 386 330 385 330 385 329 385 328 385 327 384 327 384 326 384 325 384 324 383 324 383 323 383 322 383 321 383 320 382 320 382 319 382 318 382 317 381 317 381 316 381 315 381 314 380 314 380 313 380 312 380 311 379 311 379 310 379 309 379 308 378 308 378 307 378 306 378 305 377 305 377 304 377 303 377 302 376 302 376 301 376 300 375 300 375 299 375 298 375 297 374 297 374 296 374 295 373 295 373 294 373 293 373 292 372 292 372 291 372 290 371 290 371 289 371 288 370 288 370 287 369 287 369 286 369 285 368 285 368 284 368 283 367 283 367 282 366 282 366 281 366 280 365 280 365 279 364 279 364 278 364 277 363 277 363 276 362 276 362 275 361 275 361 274 361 273 360 273 360 272 359 272 359 271 358 271 358 270 357 270 357 269 356 269 356 268 355 268 355 267 354 267 354 266 353 266 353 265 352 265 352 264 351 264 351 263 350 263 350 262 349 262 348 262 348 261 347 261 347 260 346 260 346 259 345 259 
9 103
345 259 345 258 344 258 343 258 343 257 342 257 341 257 341 256 340 256 339 256 339 255 338 255 337 255 336 255 336 254 335 254 334 254 333 254 333 253 332 253 331 253 330 253 329 253 329 252 328 252 327 252 326 252 325 252 325 253 325 254 325 253 325 252 324 252 323 252 322 252 322 251 321 251 320 251 319 251 318 251 317 251 316 251 315 251 314 251 313 251 312 251 311 251 310 251 309 251 309 252 308 252 307 252 306 252 305 252 304 252 303 252 302 252 301 252 300 252 299 252 298 252 297 252 296 252 295 252 295 253 294 253 293 253 292 253 291 253 290 253 289 253 288 253 287 253 286 253 285 253 285 254 284 254 283 254 282 254 281 254 280 254 279 254 278 254 277 254 276 254 275 254 274 254 273 254 272 254 271 254 270 254 269 254 268 254 267 254 267 255 266 255 266 256 266 255 265 255 264 255 263 255 262 255 261 255 
10 74
165 189 166 189 167 189 167 188 168 188 169 188 170 188 170 189 171 189 172 189 173 189 174 189 175 189 176 189 177 189 178 189 179 189 179 190 180 190 181 190 182 190 183 190 183 191 184 191 185 191 186 191 187 191 187 192 188 192 189 192 190 192 190 193 191 193 192 193 193 193 193 194 194 194 195 194 195 195 196 195 197 195 197 196 198 196 199 196 200 196 200 197 201 197 202 197 202 198 203 198 204 198 204 199 205 199 206 199 206 200 207 200 208 200 208 201 209 201 210 201 210 202 211 202 212 202 212 203 213 203 214 203 215 203 216 203 216 204 217 204 217 205 218 205 218 206 218 207 
11 63
201 161 198 161 198 162 198 163 198 164 197 164 197 165 197 166 196 166 196 167 195 167 195 168 195 169 194 169 194 170 193 170 193 171 193 172 192 172 192 173 191 173 191 174 190 174 190 175 189 175 189 176 188 176 188 177 187 177 187 178 186 178 186 178 186 179 185 179 185 180 184 180 184 181 183 181 182 181 182 182 181 182 181 183 180 183 179 183 179 184 178 184 177 184 177 185 176 185 175 185 175 186 174 186 173 186 173 187 172 187 171 187 170 187 169 187 169 188 168 188 167 188 167 189 165 189 
12 63
201 161 201 162 201 163 202 163 202 164 202 165 202 166 202 167 203 167 203 168 203 169 203 170 203 171 204 171 204 172 204 173 204 174 204 175 205 175 205 176 205 177 205 178 206 178 206 179 206 180 206 181 207 181 207 182 207 183 208 183 208 184 208 185 208 186 209 186 209 187 209 188 210 188 210 189 210 190 210 191 211 191 211 192 211 193 212 193 212 194 212 195 212 196 213 196 213 197 213 198 214 198 214 199 214 200 215 200 215 201 215 202 216 202 216 203 216 204 217 204 217 205 217 206 218 207 
13 216
197 269 196 270 196 269 195 269 194 269 193 269 192 269 191 269 190 269 189 269 188 269 187 269 186 269 185 269 184 269 183 269 182 269 181 269 180 269 179 269 178 269 177 269 177 268 176 268 175 268 174 268 173 268 172 268 171 268 170 268 170 267 169 267 168 267 167 267 166 267 165 267 165 266 164 266 163 266 162 266 161 266 160 266 160 265 159 265 158 265 157 265 157 264 156 264 155 264 154 264 153 264 153 263 152 263 151 263 150 263 149 263 149 262 148 262 147 262 147 261 146 261 145 261 144 261 144 260 143 260 142 260 141 260 141 259 140 259 139 259 139 258 138 258 137 258 136 258 136 257 135 257 134 257 134 256 133 256 132 256 132 255 131 255 130 255 130 254 129 254 128 254 128 253 127 253 126 253 126 252 125 252 124 252 124 251 123 251 123 250 122 250 121 250 121 249 120 249 120 248 119 248 118 248 118 247 117 247 117 246 116 246 115 246 115 245 114 245 113 245 113 244 112 244 112 243 111 243 110 243 110 242 109 242 109 241 108 241 108 240 107 240 106 240 106 239 105 239 105 238 104 238 104 237 103 237 102 237 102 236 101 236 101 235 100 235 100 234 100 233 99 233 99 232 98 232 98 231 97 231 97 230 96 230 96 229 96 228 96 227 96 226 96 225 97 225 97 224 97 223 97 222 98 222 98 221 98 220 99 220 99 219 100 219 100 218 100 217 101 217 101 216 102 216 102 215 103 215 103 214 104 214 104 213 104 212 105 212 105 211 106 211 106 210 107 210 107 209 108 209 108 208 109 208 110 208 110 207 111 207 111 206 112 206 112 205 113 205 114 205 114 204 115 204 115 203 116 203 117 203 117 202 118 202 119 202 119 201 120 201 120 200 121 200 122 200 122 199 123 199 124 199 124 198 125 198 126 198 126 197 127 197 128 197 128 196 129 196 130 196 131 196 131 195 132 195 133 195 134 195 134 194 
14 37
134 194 134 193 135 193 136 193 137 193 138 193 139 193 140 193 141 193 142 193 142 192 143 192 144 192 145 192 146 192 147 192 148 192 149 192 150 192 151 192 152 192 153 192 153 191 154 191 155 191 155 190 156 190 157 190 158 190 159 190 160 190 161 190 162 190 162 189 163 189 164 189 165 189 
15 26
198 141 198 142 198 143 198 144 198 145 198 146 198 147 198 148 198 149 198 150 197 150 197 151 197 152 197 153 197 154 197 155 197 156 197 157 198 157 199 157 200 157 201 157 201 158 201 159 201 160 201 161 
16 20
127 185 126 185 126 186 126 187 126 188 126 189 126 190 126 191 127 191 127 192 128 192 129 192 129 193 130 193 131 193 132 193 133 193 134 193 135 193 134 194 
17 72
156 159 156 160 156 161 155 161 155 162 155 163 155 164 155 165 155 166 156 166 156 167 156 168 156 169 156 170 156 171 157 171 158 171 159 171 159 170 159 169 159 170 159 171 158 171 157 171 157 172 156 172 156 173 155 173 154 173 153 173 152 173 152 174 151 174 150 174 149 174 148 174 148 173 148 172 147 172 146 172 145 172 144 172 143 172 143 173 142 173 142 174 141 174 141 175 140 175 140 176 139 176 138 176 138 177 137 177 137 178 136 178 136 179 135 179 135 180 134 180 133 180 133 181 132 181 132 182 131 182 130 182 130 183 129 183 129 184 128 184 127 184 127 185 
18 62
198 141 197 139 197 138 197 137 197 136 197 135 197 134 197 133 196 133 196 132 195 132 195 131 195 130 194 130 193 130 193 129 192 129 192 128 191 128 190 128 189 128 189 127 188 127 187 127 186 127 185 127 184 127 184 128 183 128 182 128 182 129 181 129 180 129 180 130 179 130 178 130 178 131 177 131 176 131 176 132 175 132 174 132 174 133 173 133 172 133 172 134 171 134 171 135 170 135 169 135 169 136 168 136 168 137 167 137 167 137 167 138 166 138 165 138 165 139 164 139 164 140 163 140 
19 27
163 140 163 141 162 141 162 142 161 142 161 143 160 143 160 144 159 144 159 145 159 146 158 146 158 147 157 147 157 148 157 149 156 149 156 150 156 151 156 152 156 153 156 154 156 155 156 156 156 157 156 158 156 159 
20 108
288 183 289 183 289 182 290 182 290 181 291 181 291 180 291 179 292 179 292 178 292 177 292 176 291 176 291 175 291 174 291 173 291 172 291 171 291 170 291 169 291 168 291 167 291 166 291 165 290 165 290 165 291 165 291 164 291 163 291 162 291 161 291 160 291 159 291 158 290 158 290 157 290 156 290 155 290 154 290 153 290 152 290 151 289 151 289 150 289 149 289 148 288 148 288 147 288 146 287 146 287 145 287 144 287 143 287 142 286 142 286 141 286 140 286 139 285 139 285 138 285 137 284 137 284 136 284 135 283 135 283 134 283 133 282 133 282 132 282 131 281 131 281 130 281 129 280 129 280 128 280 127 279 127 279 126 278 126 278 125 278 124 277 124 277 123 277 122 276 122 276 121 275 121 275 120 275 119 274 119 274 118 273 118 273 117 273 116 272 116 272 115 272 114 271 114 271 113 270 113 270 112 270 111 269 111 269 110 268 110 268 109 268 108 268 107 
21 137
268 107 269 107 269 106 269 105 270 105 270 104 270 103 269 103 268 103 267 103 266 103 265 103 264 103 263 103 262 103 261 103 260 103 259 103 259 102 258 102 258 101 257 101 256 101 256 100 256 99 255 99 254 99 253 99 252 99 251 99 250 99 249 99 249 98 248 98 247 98 246 98 245 98 245 97 244 97 244 96 244 95 243 95 242 95 241 95 240 95 239 95 238 95 237 95 236 95 235 95 234 95 233 95 232 95 232 96 231 96 231 97 230 97 229 97 229 96 229 95 228 95 227 95 226 95 226 96 225 96 225 97 224 97 223 97 223 98 222 98 222 99 221 99 220 99 220 100 219 100 219 101 218 101 218 102 217 102 217 103 216 103 215 103 215 104 214 104 214 105 213 105 213 106 212 106 212 107 211 107 211 108 210 108 210 109 210 110 209 110 209 111 208 111 208 112 208 113 207 113 207 114 207 115 206 115 206 116 205 116 205 117 205 118 204 118 203 118 202 118 202 119 202 120 201 120 201 121 201 122 200 122 200 123 200 124 200 125 200 126 200 127 199 127 199 128 199 129 199 130 199 131 199 132 199 133 199 134 198 134 198 135 198 136 198 137 198 138 198 139 198 140 198 141 
22 17
156 159 153 159 152 159 151 159 151 158 150 158 150 157 149 157 149 156 148 156 147 156 146 156 145 156 144 156 143 156 142 156 142 157 
23 182
268 107 268 105 269 105 270 105 270 104 270 103 271 103 271 102 271 101 272 101 272 100 272 99 273 99 273 98 273 97 274 97 274 96 274 95 275 95 275 94 275 93 276 93 276 92 276 91 276 90 277 90 277 89 277 88 277 87 277 86 277 85 277 84 278 84 278 83 278 82 278 81 278 80 278 79 278 78 279 78 279 77 279 76 279 75 279 74 279 73 280 73 280 72 280 71 280 70 281 70 281 69 281 68 282 68 282 67 282 66 282 65 282 64 282 63 282 62 282 61 282 60 282 59 282 58 281 58 280 58 279 58 278 58 277 58 276 58 275 58 274 58 273 58 272 58 272 57 271 57 270 57 269 57 268 57 267 57 266 57 266 57 265 57 265 56 264 56 263 56 262 56 261 56 260 56 259 56 258 56 257 56 256 56 255 56 254 56 253 56 252 56 251 56 250 56 250 55 249 55 248 55 247 55 246 55 245 55 244 55 243 55 242 55 241 55 240 55 239 55 238 55 237 55 236 55 235 55 235 56 234 56 233 56 232 56 231 56 230 56 230 57 229 57 228 57 227 57 226 57 225 57 224 57 224 58 223 58 222 58 221 58 220 58 220 59 219 59 218 59 217 59 217 60 216 60 215 60 214 60 214 61 213 61 212 61 212 62 211 62 210 62 210 63 209 63 208 63 208 64 207 64 206 64 206 65 205 65 204 65 204 66 203 66 203 67 202 67 201 67 201 68 200 68 200 69 199 69 199 70 198 70 197 70 197 71 196 71 196 72 195 72 195 73 194 73 194 74 193 74 193 75 192 75 192 76 191 76 191 77 190 77 190 78 
24 91
190 78 189 78 189 79 188 79 188 80 187 80 187 81 187 82 187 83 187 84 186 84 186 85 185 85 185 86 185 87 184 87 184 88 183 88 183 89 182 89 182 90 181 90 181 91 181 92 180 92 180 93 179 93 178 93 177 93 177 94 177 95 176 95 176 96 175 96 175 97 175 98 174 98 174 99 174 100 173 100 173 101 172 101 172 102 172 103 171 103 171 104 171 105 170 105 170 106 170 107 169 107 169 108 169 109 168 109 168 110 168 111 168 112 167 112 167 113 167 114 166 114 166 115 166 116 165 116 165 117 165 118 165 119 164 119 164 120 164 121 163 121 163 122 163 123 163 124 162 124 162 125 162 126 162 127 161 127 161 128 161 129 161 130 160 130 160 131 160 132 160 133 160 134 160 135 161 135 161 136 163 140 
25 261
190 78 188 77 188 76 188 75 188 74 188 73 188 72 189 72 189 71 189 70 189 69 189 68 189 67 189 66 189 65 189 64 189 63 189 62 189 61 189 60 189 59 188 59 188 58 188 57 188 56 188 55 188 54 187 54 187 53 187 52 187 51 186 51 186 50 186 49 186 48 186 47 185 47 185 46 185 45 185 44 184 44 184 43 184 42 183 42 183 41 183 40 182 40 182 39 181 39 181 38 180 38 180 37 180 36 179 36 179 35 179 34 178 34 178 33 177 33 177 32 177 31 176 31 176 30 175 30 175 29 175 28 174 28 174 27 173 27 173 26 173 25 172 25 172 24 172 24 171 24 171 23 170 23 170 22 169 22 169 21 168 21 168 20 167 20 167 19 166 19 165 19 165 18 164 18 164 17 163 17 162 17 162 16 161 16 161 15 160 15 160 14 159 14 158 14 158 13 157 13 157 12 156 12 155 12 155 11 154 11 153 11 152 11 152 10 151 10 150 10 150 9 149 9 148 9 148 8 147 8 146 8 146 7 145 7 144 7 143 7 143 6 142 6 141 6 140 6 139 6 138 6 137 6 136 6 135 6 135 7 134 7 134 8 133 8 132 8 132 9 131 9 130 9 130 10 129 10 128 10 128 11 127 11 127 12 126 12 125 12 125 13 124 13 124 14 123 14 123 15 122 15 122 16 121 16 121 17 120 17 120 18 119 18 119 19 118 19 118 20 117 20 117 21 116 21 116 22 115 22 115 23 115 24 114 24 114 25 113 25 113 26 112 26 112 27 112 28 111 28 111 29 111 30 110 30 110 31 110 32 109 32 109 33 109 34 108 34 108 35 108 36 107 36 107 37 107 38 107 39 107 40 106 40 106 41 106 42 106 43 106 44 105 44 105 45 105 46 105 47 105 48 105 49 105 50 105 51 105 52 105 53 105 54 105 55 105 56 105 57 105 58 105 59 106 59 106 60 106 61 106 62 106 63 106 64 107 64 107 65 107 66 107 67 107 68 107 69 107 70 107 71 107 72 108 72 108 73 108 74 108 75 108 76 109 76 109 77 109 78 109 79 109 80 110 80 110 81 110 82 110 83 111 83 111 84 111 85 111 86 112 86 112 87 112 88 113 88 113 89 113 90 114 90 114 91 114 92 115 92 115 93 115 94 116 94 116 95 117 95 117 96 
26 90
117 96 117 97 118 97 118 98 118 99 119 99 119 100 119 101 120 101 120 102 120 103 120 104 121 104 121 105 122 105 122 106 122 107 123 107 123 108 123 109 124 109 124 110 124 111 125 111 125 112 125 113 126 113 126 114 126 115 127 115 127 116 128 116 128 117 128 118 129 118 129 119 129 120 130 120 130 121 130 122 131 122 131 123 131 124 132 124 133 124 133 125 133 126 133 127 134 127 134 128 135 128 135 129 135 130 135 131 136 131 136 132 136 133 137 133 137 134 137 135 138 135 138 136 139 136 139 137 139 138 140 138 140 139 140 140 141 140 141 141 141 142 142 142 142 143 142 144 143 144 143 145 143 146 144 146 144 147 144 148 144 149 144 150 144 151 144 152 145 152 145 153 145 154 145 155 145 156 142 157 
27 315
106 148 105 148 104 148 104 147 103 147 102 147 101 147 100 147 100 146 100 145 100 144 99 144 98 144 98 143 97 143 96 143 95 143 94 143 94 142 93 142 92 142 91 142 91 141 90 141 89 141 88 141 88 140 87 140 86 140 85 140 84 140 83 140 83 139 82 139 81 139 80 139 80 138 79 138 78 138 77 138 76 138 76 137 75 137 74 137 73 137 73 136 72 136 71 136 71 135 70 135 69 135 68 135 67 135 67 134 66 134 65 134 64 134 64 133 63 133 62 133 62 132 61 132 60 132 59 132 59 131 58 131 57 131 57 130 56 130 55 130 54 130 54 129 53 129 52 129 52 128 51 128 51 127 50 127 49 127 49 126 48 126 48 125 47 125 47 124 46 124 45 124 44 124 44 123 43 123 43 122 42 122 41 122 41 121 40 121 40 120 39 120 38 120 38 119 37 119 37 119 37 118 36 118 36 117 35 117 34 117 34 116 33 116 33 115 32 115 32 114 31 114 31 113 30 113 29 113 29 112 29 111 28 111 28 110 27 110 27 109 26 109 26 108 25 108 25 107 24 107 24 106 23 106 23 105 22 105 22 104 21 104 21 103 20 103 20 102 19 102 19 101 19 100 18 100 18 99 17 99 17 98 16 98 16 97 16 96 15 96 15 95 14 95 14 94 14 93 13 93 13 92 12 92 12 91 12 90 11 90 11 89 11 88 10 88 10 87 9 87 9 86 9 85 8 85 8 84 8 83 8 82 8 81 8 80 9 80 9 79 10 79 10 78 11 78 12 78 13 78 13 77 14 77 15 77 16 77 17 77 17 76 18 76 19 76 19 75 20 75 21 75 22 75 23 75 24 75 24 74 25 74 26 74 27 74 28 74 28 73 29 73 30 73 31 73 32 73 33 73 33 72 34 72 35 72 36 72 37 72 38 72 39 72 39 71 40 71 41 71 42 71 42 70 43 70 44 70 45 70 46 70 47 70 47 69 48 69 49 69 50 69 51 69 52 69 53 69 54 69 55 69 56 69 57 69 58 69 59 69 60 69 61 69 62 69 63 69 64 69 65 69 66 69 67 69 68 69 68 70 69 70 70 70 71 70 72 70 73 70 74 70 74 71 75 71 76 71 77 71 77 72 78 72 79 72 80 72 80 73 81 73 82 73 82 74 83 74 84 74 85 74 85 75 86 75 87 75 87 76 88 76 88 77 89 77 90 77 90 78 91 78 92 78 92 79 93 79 94 79 94 80 95 80 96 80 96 81 97 81 97 82 98 82 99 82 99 83 100 83 101 83 101 84 102 84 102 85 103 85 103 86 104 86 105 86 105 87 106 87 106 88 107 88 107 89 108 89 109 89 109 90 110 90 110 91 111 91 111 92 112 92 112 93 113 93 114 93 115 93 115 94 116 94 116 95 116 96 117 96 
28 55
142 157 141 157 141 158 140 158 140 159 139 159 139 160 138 160 137 160 136 160 136 159 135 159 134 159 134 158 133 158 133 157 132 157 131 157 131 156 130 156 130 155 129 155 129 155 128 155 128 154 127 154 126 154 126 153 125 153 124 153 124 152 123 152 122 152 122 151 121 151 120 151 120 150 119 150 118 150 118 149 117 149 116 149 115 149 115 148 114 148 113 148 112 148 112 147 111 147 110 147 109 147 109 148 108 148 107 148 106 148 
29 208
106 148 105 148 104 148 104 147 103 147 102 147 101 147 100 147 99 147 98 147 97 147 96 147 96 146 95 146 94 146 93 146 92 146 91 146 90 146 89 146 88 146 87 146 86 146 85 146 84 146 83 146 82 146 81 146 80 146 80 145 79 145 78 145 77 145 76 145 75 145 74 145 73 145 72 145 71 145 70 145 69 145 68 145 68 146 67 146 66 146 65 146 64 146 64 147 63 147 62 147 62 148 61 148 60 148 60 149 59 149 58 149 57 149 56 149 56 150 55 150 54 150 54 151 53 151 52 151 52 152 51 152 51 153 50 153 50 154 50 155 49 155 49 156 49 157 48 157 48 158 47 158 47 159 47 160 47 161 46 161 46 162 46 163 46 164 46 165 46 166 46 167 47 167 47 168 47 169 47 170 47 171 47 172 48 172 48 173 48 174 49 174 49 175 49 176 50 176 50 177 51 177 51 178 51 179 52 179 52 180 53 180 53 181 54 181 54 182 55 182 55 183 56 183 56 184 57 184 57 185 58 185 58 186 59 186 59 187 60 187 60 188 61 188 61 189 62 189 62 190 63 190 64 190 64 191 65 191 65 192 66 192 67 192 67 193 68 193 69 193 69 194 70 194 71 194 72 194 72 195 73 195 74 195 75 195 76 195 77 195 78 195 79 195 79 196 80 196 81 196 82 196 83 196 84 196 85 196 86 196 87 196 88 196 89 196 90 196 91 196 92 196 93 196 94 196 95 196 96 196 97 196 98 196 99 196 100 196 101 196 101 195 102 195 103 195 104 195 105 195 106 195 106 194 107 194 108 194 109 194 109 193 110 193 111 193 112 193 112 192 113 192 114 192 115 192 115 191 116 191 117 191 117 190 118 190 119 190 119 189 120 189 120 188 121 188 122 188 122 187 123 187 124 187 124 186 125 186 125 185 126 185 127 185 127 185 
CtrlSeqSet
30
0 5
190 269 0 211 267 0 223 265 0 232 263 0 238 256 0 
1 5
238 256 0 244 260 0 246 260 0 247 260 0 253 266 0 
2 8
253 266 0 257 270 0 260 277 0 263 284 0 265 292 0 265 302 0 265 310 0 264 322 0 
3 11
263 320 0 253 337 0 240 351 0 226 364 0 208 371 0 193 359 0 181 344 0 172 326 0 169 304 0 177 285 0 190 269 0 
4 8
218 207 0 222 214 0 226 221 0 229 229 0 233 236 0 236 244 0 238 253 0 238 256 0 
5 7
268 254 0 257 256 0 257 259 0 259 260 0 256 262 0 253 264 0 253 266 0 
6 8
268 254 0 252 247 0 258 236 0 264 225 0 270 214 0 276 203 0 282 192 0 288 184 0 
7 11
345 259 0 367 249 0 384 234 0 394 216 0 397 189 0 395 164 0 376 154 0 346 149 0 321 156 0 301 168 0 288 184 0 
8 11
263 320 0 278 333 0 297 343 0 316 350 0 343 352 0 368 348 0 388 339 0 381 317 0 374 295 0 363 277 0 345 259 0 
9 8
345 259 0 335 254 0 325 253 0 312 251 0 298 252 0 285 254 0 270 254 0 268 254 0 
10 7
165 189 0 174 189 0 183 191 0 192 193 0 200 196 0 207 200 0 218 207 0 
11 7
201 163 0 196 167 0 192 172 0 188 177 0 184 181 0 178 184 0 165 189 0 
12 7
201 163 0 203 168 0 205 175 0 207 182 0 210 188 0 212 195 0 218 207 0 
13 8
190 269 0 168 267 0 143 260 0 121 250 0 102 237 0 101 216 0 119 202 0 134 194 0 
14 7
134 194 0 138 193 0 142 192 0 147 192 0 152 192 0 155 190 0 165 189 0 
15 4
200 134 0 199 140 0 199 149 0 201 163 0 
16 5
127 185 0 126 187 0 126 190 0 127 192 0 134 194 0 
17 8
155 157 0 156 167 0 159 170 0 152 173 0 145 172 0 139 176 0 133 180 0 127 185 0 
18 5
200 134 0 192 128 0 179 130 0 168 136 0 164 132 0 
19 4
164 132 0 163 139 0 160 146 0 155 157 0 
20 8
288 184 0 291 172 0 291 159 0 288 146 0 283 135 0 278 124 0 272 114 0 271 109 0 
21 8
271 109 0 258 101 0 244 95 0 228 95 0 216 103 0 207 114 0 200 127 0 200 134 0 
22 5
155 157 0 152 159 0 151 158 0 150 157 0 142 157 0 
23 8
271 109 0 277 88 0 282 61 0 266 57 0 241 56 0 220 60 0 200 69 0 189 75 0 
24 8
189 75 0 185 86 0 179 93 0 173 100 0 169 109 0 165 118 0 161 127 0 164 132 0 
25 8
189 75 0 185 44 0 169 22 0 145 7 0 119 18 0 106 44 0 109 78 0 112 89 0 
26 8
112 89 0 121 105 0 126 113 0 130 122 0 135 130 0 140 138 0 144 147 0 142 157 0 
27 11
106 148 0 83 140 0 60 132 0 40 121 0 24 107 0 9 84 0 22 75 0 47 69 0 76 71 0 97 81 0 112 89 0 
28 7
142 157 0 137 160 0 132 157 0 128 154 0 122 152 0 117 149 0 106 148 0 
29 8
106 148 0 78 145 0 53 151 0 48 173 0 62 190 0 87 196 0 114 192 0 127 185 0 
IfSplit
20
1 1 1 1 1 1 1 1 1 1 1 1 1 1 1 1 1 1 1 1 
jpt
20
190 269 0 238 256 0 253 266 0 264 322 0 218 207 0 268 254 0 288 184 0 345 259 0 165 189 0 201 163 0 134 194 0 200 134 0 127 185 0 155 157 0 164 132 0 271 109 0 142 157 0 189 75 0 112 89 0 106 148 0 
Seqid
20
362 420 16 72 324 399 117 297 251 268 215 243 158 87 61 107 16 181 260 54 
splineid
20
0 3
0 3 13 
1 3
0 1 4 
2 3
1 2 5 
3 3
2 3 8 
4 3
4 10 12 
5 3
5 6 9 
6 3
6 7 20 
7 3
7 8 9 
8 3
10 11 14 
9 3
11 12 15 
10 3
13 14 16 
11 3
15 18 21 
12 3
16 17 29 
13 3
17 19 22 
14 3
18 19 24 
15 3
20 21 23 
16 3
22 26 28 
17 3
23 24 25 
18 3
25 26 27 
19 3
27 28 29 
