CircularSet
24
0 0 0 0 0 0 0 0 0 0 0 0 0 0 0 0 0 0 0 0 0 0 0 0 
ParaSet
24
0.25 0.25 0.18 0.2 0.3 0.25 0.25 0.4 0.4 0.2 0.2 0.28 0.4 0.38 0.28 0.4 0.48 0.18 0.18 0.2 0.1 0.4 0.1 0.4 
SeqSet
24
0 105
295 182 295 183 296 183 297 183 298 183 299 183 300 183 300 182 301 182 301 181 302 181 302 180 302 179 302 178 303 178 303 177 303 176 303 175 303 174 302 174 303 174 304 174 305 174 305 173 306 173 307 173 308 173 308 172 309 172 309 171 309 170 309 169 309 168 309 167 309 166 309 165 309 164 308 164 308 163 308 162 307 162 307 161 307 160 307 159 306 159 306 158 306 157 306 156 306 155 306 154 306 153 306 152 306 151 306 150 306 149 306 148 306 147 306 146 306 145 306 144 306 143 306 142 306 141 306 140 306 139 307 139 307 138 307 137 307 136 307 135 307 134 307 133 307 132 307 131 307 130 307 129 307 128 307 127 307 126 308 126 308 125 308 124 308 123 308 122 309 122 309 121 309 120 309 119 310 119 310 118 311 118 311 117 312 117 312 116 313 116 314 116 314 115 315 115 316 115 317 115 317 114 318 114 319 114 320 114 321 114 
1 57
242 181 242 180 243 180 244 180 245 180 246 180 247 180 248 180 249 180 250 180 251 180 252 180 253 180 254 180 255 180 256 180 257 180 258 180 259 180 260 180 261 180 262 180 263 180 264 180 265 180 266 180 267 180 268 180 269 180 270 180 271 180 272 180 272 181 273 181 274 181 275 181 276 181 277 181 278 181 279 181 280 181 281 181 282 181 283 181 284 181 285 181 286 181 287 181 288 181 288 182 289 182 290 182 291 182 292 182 293 182 294 182 295 182 
2 196
252 284 252 283 252 284 251 284 250 284 249 284 248 284 247 284 246 284 245 284 245 283 245 282 245 281 245 280 245 279 244 279 243 279 242 279 242 278 241 278 241 277 240 277 240 276 239 276 239 275 238 275 238 274 237 274 237 273 236 273 236 272 235 272 235 271 234 271 234 270 234 269 234 268 234 267 234 266 235 266 235 265 235 264 235 263 235 262 235 261 235 260 236 260 236 259 237 259 237 258 237 257 238 257 238 256 238 255 237 255 237 254 236 254 235 254 234 254 234 253 234 252 233 252 232 252 231 252 230 252 230 251 230 250 229 250 228 250 227 250 226 250 225 250 225 249 225 248 224 248 224 248 225 248 225 249 225 250 226 250 227 250 228 250 229 250 229 249 230 249 230 248 230 247 231 247 232 247 233 247 234 247 234 246 234 245 234 244 233 244 233 243 233 242 233 241 233 240 233 239 233 238 234 238 234 237 234 236 234 235 235 235 235 234 236 234 237 234 237 233 237 232 237 231 237 230 237 229 236 229 236 228 236 227 236 226 236 225 236 224 236 223 237 223 237 222 238 222 239 222 239 221 240 221 240 220 240 219 240 218 240 217 239 217 239 216 239 215 239 214 240 214 240 213 240 212 240 211 240 210 240 209 240 208 239 208 239 207 238 207 238 206 238 205 237 205 237 204 236 204 236 203 236 202 235 202 235 201 234 201 233 201 232 201 231 201 230 201 230 200 230 199 230 198 229 198 229 197 229 196 229 195 228 195 228 194 228 193 228 192 229 192 230 192 231 192 232 192 232 191 233 191 234 191 235 191 236 191 236 190 237 190 237 189 237 188 236 188 236 187 236 186 236 185 237 185 238 185 239 185 239 184 239 183 239 182 240 182 241 182 242 181 
3 185
141 279 141 279 142 279 143 279 144 279 145 279 146 279 147 279 148 279 149 279 149 278 149 277 149 276 149 275 149 274 149 273 150 273 151 273 151 272 151 271 151 270 152 270 152 269 152 268 152 267 152 266 152 265 151 265 150 265 150 264 150 263 150 262 149 262 149 261 149 260 149 259 149 258 149 257 149 256 149 255 149 254 149 253 150 253 150 252 150 251 150 250 150 249 150 248 150 247 151 247 151 246 152 246 152 245 152 244 151 244 151 243 151 242 151 241 151 240 152 240 153 240 153 239 154 239 154 238 154 237 154 236 153 236 153 235 153 234 154 234 154 233 154 234 154 233 155 233 155 232 155 231 154 231 154 230 154 229 154 228 154 227 154 226 155 226 156 226 157 226 157 225 157 224 157 223 157 222 157 221 157 220 157 219 156 219 156 218 156 217 157 217 157 216 157 215 157 214 157 213 157 212 157 211 157 210 158 210 159 210 159 209 159 208 159 207 160 207 160 206 160 205 161 205 161 204 161 203 161 202 161 201 162 201 162 200 162 199 162 198 162 197 162 196 161 196 160 196 159 196 158 196 157 196 156 196 156 195 155 195 155 194 154 194 154 193 153 193 152 193 151 193 151 192 151 193 152 193 153 193 153 192 153 191 153 190 153 189 154 189 155 189 156 189 156 188 156 187 156 186 156 185 156 184 155 184 155 183 155 182 155 181 155 180 155 179 155 178 155 177 155 176 155 175 155 174 156 174 156 173 157 173 157 172 157 171 158 171 158 170 159 170 159 169 159 168 159 167 159 166 160 166 160 165 160 164 160 163 160 162 160 161 160 160 160 159 161 159 160 163 
4 119
252 284 251 284 250 284 249 284 248 284 247 284 246 284 245 284 244 284 243 284 242 284 241 284 240 284 239 284 238 284 237 284 236 284 235 284 234 284 233 284 233 283 232 283 231 283 230 283 229 283 228 283 227 283 226 283 225 283 224 283 223 283 222 283 221 283 221 284 220 284 219 284 218 284 217 284 216 284 216 283 215 283 214 283 214 282 213 282 212 282 211 282 210 282 209 282 208 282 207 282 206 282 205 282 204 282 203 282 202 282 201 282 200 282 199 282 198 282 197 282 196 282 195 282 194 282 193 282 192 282 191 282 191 281 190 281 189 281 188 281 187 281 186 281 185 281 184 281 183 281 182 281 181 281 180 281 179 281 178 281 177 281 176 281 175 281 174 281 173 281 172 281 171 281 170 281 169 281 168 281 167 281 166 281 165 281 164 281 163 281 162 281 161 281 160 281 159 281 159 280 158 280 157 280 156 280 155 280 154 280 153 280 152 280 151 280 150 280 149 280 148 280 147 280 146 280 145 280 144 280 143 280 142 280 142 279 141 279 
5 103
416 269 416 269 417 269 418 269 419 269 420 269 421 269 421 270 422 270 423 270 424 270 425 270 426 270 427 270 428 270 429 270 430 270 431 270 432 270 433 270 434 270 435 270 435 271 436 271 437 271 438 271 438 272 439 272 440 272 440 273 441 273 442 273 443 273 444 273 445 273 446 273 447 273 448 273 448 272 448 273 448 274 449 274 450 274 451 274 452 274 452 275 453 275 454 275 454 276 455 276 456 276 456 277 457 277 458 277 459 277 460 277 461 277 462 277 463 277 464 277 465 277 466 277 467 277 468 277 469 277 470 277 471 277 471 278 472 278 473 278 474 278 475 278 476 278 476 279 476 280 476 281 476 282 476 283 477 283 478 283 479 283 480 283 481 283 482 283 483 283 484 283 485 283 486 283 487 283 488 283 489 283 490 283 491 283 492 283 492 284 493 284 493 285 494 285 495 285 496 285 497 285 498 285 499 285 
6 180
342 107 343 105 344 105 344 104 345 104 346 104 347 104 348 104 349 104 350 104 351 104 352 104 353 104 354 104 355 104 355 103 355 104 356 104 357 104 358 104 359 104 360 104 360 105 361 105 362 105 363 105 364 105 364 104 365 104 366 104 367 104 367 103 368 103 369 103 370 103 371 103 372 103 372 102 372 101 372 100 372 99 373 99 374 99 375 99 376 99 377 99 377 100 377 101 378 101 379 101 380 101 381 101 382 101 383 101 384 101 385 101 386 101 386 100 386 99 386 100 387 100 388 100 389 100 390 100 391 100 392 100 393 100 394 100 395 100 396 100 397 100 398 100 399 100 400 100 401 100 402 100 403 100 404 100 405 100 406 100 407 100 408 100 409 100 410 100 411 100 412 100 413 100 414 100 415 100 416 100 417 100 418 100 419 100 419 99 420 99 421 99 422 99 423 99 424 99 425 99 426 99 427 99 428 99 428 100 429 100 430 100 431 100 431 101 431 102 432 102 433 102 434 102 435 102 436 102 437 102 438 102 439 102 440 102 441 102 442 102 443 102 444 102 445 102 446 102 447 102 448 102 448 103 449 103 450 103 451 103 452 103 453 103 454 103 455 103 456 103 457 103 458 103 459 103 460 103 461 103 462 103 463 103 463 102 464 102 464 101 464 100 465 100 466 100 467 100 468 100 469 100 470 100 471 100 472 100 473 100 474 100 475 100 476 100 477 100 478 100 479 100 480 100 481 100 482 100 483 100 484 100 485 100 486 100 487 100 488 100 489 100 490 100 491 100 492 100 493 100 494 100 495 100 496 100 497 100 498 100 
7 36
322 114 323 114 324 114 325 114 325 113 325 112 325 111 325 110 326 110 326 109 326 108 326 107 327 107 327 106 328 106 328 105 329 105 330 105 330 104 331 104 332 104 332 103 333 103 334 103 335 103 336 103 336 104 337 104 338 104 339 104 339 105 340 105 340 106 341 106 341 107 342 107 
8 39
392 297 392 297 393 297 393 298 393 299 393 300 393 301 393 302 393 303 393 304 393 305 393 306 393 307 393 308 393 309 393 310 393 311 393 312 393 313 393 314 393 315 393 316 393 317 393 318 393 319 393 320 394 320 394 321 394 322 394 323 394 324 394 325 394 326 394 327 394 328 394 329 394 330 394 331 394 332 
9 97
416 269 416 270 416 271 416 272 416 273 415 273 415 274 414 274 414 275 413 275 412 275 411 275 410 275 410 276 409 276 408 276 407 276 407 277 406 277 405 277 404 277 403 277 402 277 401 277 400 277 399 277 398 277 397 277 396 277 395 277 394 277 393 277 393 276 392 276 391 276 391 275 390 275 390 274 389 274 389 273 388 273 388 272 387 272 386 272 385 272 384 272 383 272 383 273 382 273 383 273 383 272 384 272 385 272 386 272 387 272 388 272 388 273 389 273 389 274 389 275 389 276 389 277 389 278 390 278 390 279 391 279 391 280 392 280 392 281 393 281 394 281 394 282 395 282 395 283 395 284 395 285 396 285 396 286 397 286 397 287 398 287 398 288 398 289 398 290 398 291 398 292 398 293 398 294 398 295 398 296 397 296 396 296 395 296 394 296 394 297 393 297 392 297 
10 172
392 297 391 297 390 297 389 297 388 297 387 297 386 297 385 297 385 298 384 298 383 298 382 298 381 298 380 298 379 298 378 298 377 298 376 298 375 298 374 298 373 298 373 297 372 297 371 297 370 297 369 297 368 297 367 297 367 296 366 296 365 296 364 296 363 296 363 295 362 295 361 295 360 295 359 295 358 295 357 295 357 294 356 294 355 294 354 294 353 294 353 293 352 293 351 293 350 293 349 293 348 293 347 293 346 293 345 293 345 292 344 292 344 291 343 291 343 290 342 290 341 290 340 290 339 290 339 289 339 290 338 290 337 290 336 290 335 290 334 290 333 290 332 290 332 291 331 291 330 291 329 291 328 291 327 291 326 291 325 291 324 291 324 292 324 293 324 294 323 294 322 294 322 295 321 295 320 295 319 295 318 295 317 295 316 295 315 295 314 295 313 295 312 295 311 295 310 295 310 294 309 294 308 294 307 294 306 294 305 294 304 294 303 294 302 294 301 294 300 294 299 294 298 294 297 294 297 293 296 293 295 293 294 293 293 293 292 293 291 293 290 293 289 293 288 293 287 293 286 293 285 293 285 292 284 292 283 292 282 292 281 292 280 292 280 291 279 291 279 290 278 290 277 290 277 289 276 289 275 289 274 289 273 289 272 289 271 289 270 289 269 289 268 289 268 288 267 288 266 288 265 288 265 287 264 287 263 287 262 287 261 287 261 286 261 285 260 285 260 284 260 283 259 283 258 283 257 283 256 283 256 282 255 282 254 282 253 282 253 283 253 284 252 284 
11 188
196 171 197 169 197 168 197 167 196 167 196 166 195 166 195 165 195 164 195 163 195 162 195 161 195 160 196 160 196 159 196 158 196 157 197 157 197 156 197 155 197 154 197 153 198 153 198 152 199 152 199 151 199 150 199 149 199 148 199 147 199 146 199 145 199 144 199 143 199 142 199 141 199 140 199 139 199 138 199 137 200 137 200 136 200 135 201 135 201 134 201 133 201 132 201 131 201 130 201 129 201 128 201 127 201 126 202 126 202 125 202 124 203 124 203 123 204 123 204 122 205 122 206 122 207 122 207 121 207 120 208 120 208 119 208 118 208 117 208 116 208 115 208 114 208 113 208 112 208 111 208 110 208 109 208 108 208 107 208 106 208 105 208 104 208 103 208 102 208 101 208 100 208 99 208 98 208 97 208 96 208 95 208 94 208 93 208 92 208 91 208 90 208 89 208 88 208 87 209 87 209 86 209 85 209 84 209 83 209 82 209 81 209 80 209 79 209 78 209 77 209 76 209 75 209 74 209 73 209 72 210 72 210 71 210 70 210 69 210 68 210 67 210 66 210 65 210 64 210 63 210 62 210 61 210 60 210 59 210 58 210 57 210 56 210 55 210 54 210 53 210 52 210 51 210 50 210 49 210 48 210 47 211 47 211 46 211 45 211 44 211 43 211 42 211 41 211 40 211 39 211 38 211 37 211 36 211 35 211 34 211 33 211 32 211 31 211 30 211 29 211 28 211 27 211 26 211 25 211 24 211 23 211 22 211 21 211 20 211 19 211 18 211 17 211 16 211 15 211 14 211 13 211 12 211 11 211 10 211 9 211 8 211 7 211 6 211 5 211 4 211 3 210 3 210 2 
12 45
160 163 161 163 162 163 163 163 164 163 165 163 166 163 167 163 168 163 169 163 170 163 170 164 171 164 172 164 173 164 173 165 174 165 175 165 176 165 176 166 177 166 178 166 179 166 179 167 180 167 180 168 181 168 182 168 183 168 184 168 184 169 185 169 185 170 186 170 187 170 188 170 189 170 190 170 191 170 191 171 192 171 193 171 194 171 195 171 196 171 
13 59
196 171 197 171 197 172 198 172 198 173 199 173 199 174 200 174 201 174 201 175 202 175 203 175 204 175 205 175 205 176 206 176 206 177 207 177 208 177 209 177 209 176 210 176 211 176 212 176 213 176 213 177 214 177 214 178 215 178 216 178 217 178 218 178 219 178 219 179 220 179 221 179 222 179 223 179 224 179 225 179 225 180 226 180 226 181 227 181 228 181 229 181 230 181 231 181 232 181 233 181 234 181 235 181 236 181 237 181 238 181 239 181 240 181 241 181 242 181 
14 125
111 171 109 167 108 167 108 166 108 165 107 165 106 165 105 165 104 165 104 164 103 164 103 163 103 162 102 162 101 162 100 162 99 162 98 162 97 162 96 162 95 162 94 162 94 161 93 161 92 161 91 161 90 161 89 161 88 161 87 161 86 161 85 161 84 161 84 160 83 160 82 160 82 159 81 159 80 159 79 159 79 158 78 158 77 158 77 157 76 157 76 156 75 156 74 156 73 156 72 156 71 156 70 156 70 155 70 154 69 154 68 154 67 154 66 154 65 154 64 154 63 154 62 154 61 154 60 154 59 154 58 154 57 154 56 154 55 154 54 154 53 154 52 154 51 154 50 154 49 154 48 154 47 154 46 154 45 154 44 154 43 154 42 154 41 154 40 154 39 154 38 154 37 154 36 154 35 154 34 154 33 154 32 154 31 154 30 154 29 154 28 154 27 154 26 154 25 154 24 154 23 154 22 154 21 154 20 154 19 154 18 154 17 154 16 154 15 154 14 154 13 154 12 154 11 154 10 154 9 154 8 154 7 154 6 154 5 154 4 154 4 153 3 153 2 153 1 153 0 153 
15 70
111 171 111 170 112 170 113 170 114 170 115 170 116 170 116 169 117 169 118 169 119 169 120 169 120 168 121 168 121 167 122 167 122 166 123 166 124 166 125 166 126 166 127 166 128 166 129 166 129 165 130 165 131 165 132 165 133 165 134 165 134 164 134 163 135 163 136 163 137 163 138 163 139 163 140 163 140 164 141 164 142 164 143 164 144 164 144 163 145 163 146 163 146 162 146 161 146 160 147 160 147 159 146 159 146 160 146 161 146 162 146 163 147 163 148 163 149 163 150 163 151 163 152 163 153 163 154 163 155 163 156 163 157 163 158 163 159 163 160 163 
16 25
25 298 23 298 22 298 21 298 20 298 19 298 18 298 17 298 16 298 15 298 14 298 13 298 12 298 11 298 10 298 10 299 9 299 8 299 7 299 6 299 5 299 4 299 3 299 2 299 1 299 
17 162
141 279 140 279 139 279 139 278 138 278 137 278 136 278 135 278 134 278 133 278 132 278 131 278 130 278 129 278 128 278 127 278 126 278 125 278 124 278 123 278 122 278 121 278 120 278 119 278 118 278 117 278 116 278 116 277 115 277 114 277 113 277 112 277 111 277 110 277 109 277 108 277 107 277 106 277 105 277 104 277 103 277 102 277 101 277 100 277 99 277 98 277 97 277 96 277 95 277 94 277 93 277 92 277 92 278 91 278 90 278 89 278 88 278 87 278 86 278 85 278 84 278 83 278 83 279 82 279 82 280 81 280 81 281 81 282 80 282 80 283 79 283 78 283 77 283 77 284 76 284 76 285 75 285 75 286 74 286 74 287 73 287 73 288 72 288 72 289 71 289 71 290 70 290 70 291 70 292 69 292 68 292 67 292 67 293 66 293 66 294 65 294 64 294 64 295 63 295 63 296 62 296 62 297 61 297 60 297 60 298 59 298 58 298 58 299 57 299 56 299 56 300 55 300 55 301 54 301 53 301 53 302 52 302 51 302 51 303 50 303 50 304 49 304 48 304 47 304 46 304 45 304 44 304 44 303 43 303 43 302 42 302 41 302 40 302 40 301 40 300 39 300 38 300 37 300 37 301 36 301 35 301 35 302 34 302 33 302 33 303 33 304 32 304 31 304 30 304 29 304 28 304 27 304 27 305 26 305 25 305 25 304 25 303 25 302 25 301 25 300 25 299 25 298 
18 244
25 298 24 298 25 298 25 297 25 296 26 296 26 295 26 294 27 294 28 294 28 293 28 292 28 291 28 290 29 290 29 289 29 288 29 287 29 286 29 285 29 284 28 284 29 284 29 283 29 282 29 281 29 280 30 280 31 280 32 280 32 279 32 278 32 277 32 276 32 275 32 274 32 273 33 273 34 273 35 273 36 273 36 272 36 271 36 270 36 269 36 268 36 267 36 266 36 265 37 265 37 264 37 263 37 262 37 261 38 261 39 261 39 260 40 260 40 259 41 259 42 259 42 258 43 258 43 257 43 256 44 256 44 255 45 255 46 255 46 254 46 253 47 253 48 253 49 253 49 252 49 251 50 251 50 250 50 249 51 249 52 249 52 248 53 248 53 247 54 247 54 246 54 245 55 245 55 244 55 243 55 242 55 241 56 241 56 240 57 240 57 239 57 238 58 238 58 237 59 237 59 236 60 236 60 235 61 235 61 234 62 234 62 233 63 233 63 232 64 232 65 232 65 231 65 230 65 229 64 229 63 229 62 229 61 229 60 229 60 228 59 228 59 227 59 226 58 226 58 225 57 225 57 224 57 223 57 222 57 221 57 220 57 219 57 218 56 218 55 218 54 218 54 217 53 217 52 217 52 216 52 215 52 214 53 214 54 214 55 214 55 213 55 212 56 212 56 211 56 210 57 210 57 209 58 209 59 209 60 209 60 208 61 208 61 207 62 207 63 207 63 206 64 206 64 205 65 205 65 204 66 204 67 204 67 203 68 203 68 202 69 202 69 201 69 200 69 199 70 199 71 199 72 199 72 198 73 198 74 198 75 198 76 198 76 197 77 197 78 197 79 197 79 196 80 196 80 195 81 195 81 194 82 194 83 194 84 194 84 193 85 193 86 193 87 193 88 193 88 192 89 192 90 192 91 192 92 192 93 192 93 191 93 190 93 189 93 188 93 187 94 187 94 186 95 186 95 185 95 184 95 183 95 182 95 181 96 181 96 180 96 179 97 179 98 179 99 179 100 179 100 178 101 178 102 178 102 177 103 177 103 176 104 176 105 176 105 175 106 175 106 174 107 174 108 174 108 173 109 173 110 173 110 172 110 171 111 171 
19 149
295 181 295 182 295 183 296 183 297 183 297 184 297 185 297 186 297 187 297 188 297 189 297 190 297 191 297 192 297 193 297 194 298 194 298 195 298 196 298 197 298 198 298 199 298 200 298 201 298 202 298 203 298 204 299 204 299 205 300 205 300 206 301 206 301 207 301 208 301 209 301 210 302 210 302 211 302 212 303 212 304 212 304 213 304 214 305 214 305 215 306 215 306 216 307 216 307 217 307 218 307 219 307 220 307 221 307 222 308 222 308 223 308 224 308 225 308 226 308 227 308 228 308 229 308 230 309 230 309 231 310 231 310 232 310 233 311 233 311 234 312 234 312 235 313 235 313 236 313 237 314 237 315 237 316 237 316 236 317 236 317 235 317 235 317 234 317 233 318 233 319 233 320 233 321 233 322 233 323 233 323 234 324 234 324 235 324 236 325 236 325 237 326 237 326 238 326 239 327 239 327 240 328 240 329 240 330 240 331 240 332 240 332 241 332 242 333 242 334 242 335 242 336 242 337 242 338 242 339 242 340 242 341 242 342 242 343 242 344 242 344 243 345 243 346 243 347 243 347 244 347 245 348 245 349 245 350 245 350 246 350 247 351 247 351 246 351 245 352 245 353 245 354 245 355 245 356 245 356 246 357 246 358 246 359 246 359 245 360 245 360 244 361 244 361 243 361 242 
20 245
361 242 362 242 362 241 363 241 364 241 363 241 362 241 362 240 362 239 361 239 360 239 359 239 359 238 359 237 359 236 359 235 359 234 360 234 360 233 361 233 361 232 362 232 362 231 363 231 363 230 363 229 364 229 365 229 365 228 366 228 366 227 366 226 366 225 367 225 368 225 368 224 368 223 368 222 368 221 369 221 369 220 370 220 370 219 370 218 370 217 371 217 371 216 372 216 372 215 373 215 373 214 374 214 374 213 374 212 374 211 374 210 375 210 375 209 375 208 375 207 375 206 374 206 374 205 374 204 374 203 374 202 374 201 373 201 373 200 372 200 372 199 371 199 371 198 371 197 371 196 372 196 372 195 372 194 372 193 372 192 371 192 371 191 371 190 370 190 370 189 370 188 370 187 370 186 370 185 369 185 369 184 369 183 369 182 369 181 368 181 367 181 367 180 366 180 366 179 365 179 364 179 365 179 366 179 367 179 367 178 367 177 367 176 366 176 366 175 365 175 365 174 364 174 364 173 363 173 363 172 362 172 362 171 361 171 360 171 360 170 359 170 358 170 357 170 356 170 355 170 355 169 354 169 353 169 352 169 351 169 351 168 350 168 350 167 349 167 349 166 348 166 348 165 348 164 348 163 348 162 349 162 349 161 349 160 349 159 349 158 348 158 347 158 346 158 345 158 344 158 344 157 343 157 342 157 341 157 340 157 340 158 339 158 339 159 338 159 338 160 337 160 336 160 337 160 338 160 338 159 339 159 339 158 340 158 340 157 340 156 340 155 340 154 340 153 340 152 339 152 339 151 338 151 338 150 338 149 338 148 338 147 337 147 336 147 336 146 335 146 336 146 337 146 338 146 338 145 338 144 338 143 338 142 338 141 338 140 338 139 338 138 338 137 337 137 337 136 337 135 337 134 337 133 337 132 337 131 337 130 336 130 335 130 334 130 334 129 333 129 333 128 333 127 332 127 332 126 331 126 331 125 330 125 330 124 329 124 329 123 328 123 328 122 327 122 327 121 327 120 326 120 326 119 325 119 325 118 325 117 325 116 325 115 325 114 325 113 325 112 325 111 325 110 325 109 325 108 324 108 323 108 322 108 321 108 321 109 322 114 
21 48
387 243 384 243 384 242 384 241 384 240 383 240 382 240 381 240 381 241 380 241 379 241 379 242 379 243 379 244 379 245 379 246 378 246 377 246 376 246 375 246 374 246 374 247 374 247 373 247 373 246 373 245 373 244 372 244 372 243 371 243 370 243 370 244 369 244 369 245 368 245 367 245 366 245 365 245 364 245 363 245 362 245 361 245 360 245 360 244 360 243 359 243 359 242 361 242 
22 202
342 107 342 108 343 108 343 109 344 109 344 110 345 110 345 111 346 111 346 112 346 113 347 113 347 114 347 115 348 115 348 116 348 117 348 118 349 118 349 119 349 120 350 120 350 121 350 122 350 123 350 124 350 125 351 125 351 126 351 127 351 128 352 128 352 129 352 130 352 131 352 132 352 133 352 134 352 135 352 136 352 137 352 138 352 139 352 140 352 141 352 142 352 143 352 144 352 145 352 146 352 147 352 148 352 149 352 150 352 151 353 151 353 152 353 153 353 154 353 155 353 156 353 157 354 157 355 157 356 157 357 157 357 158 358 158 359 158 360 158 361 158 361 159 362 159 363 159 364 159 365 159 365 160 365 161 366 161 367 161 368 161 368 162 369 162 369 163 370 163 370 164 370 165 371 165 371 166 372 166 373 166 373 167 374 167 374 168 375 168 375 169 376 169 376 170 377 170 377 171 378 171 378 172 379 172 379 173 379 174 380 174 380 175 380 176 380 177 381 177 381 178 381 179 381 180 381 181 381 182 382 182 383 182 384 182 385 182 385 183 386 183 386 184 387 184 387 185 387 186 388 186 389 186 389 187 389 188 389 189 389 190 389 191 389 192 390 192 390 193 390 194 390 195 390 196 390 197 390 198 391 198 391 199 391 200 391 201 391 202 391 203 391 204 391 205 392 205 392 206 392 207 393 207 393 208 393 209 393 210 394 210 394 211 395 211 395 212 395 213 395 214 396 214 396 215 396 216 396 217 396 218 396 219 396 220 395 220 395 221 395 222 395 223 395 224 394 224 393 224 392 224 391 224 390 224 389 224 389 225 388 225 388 226 388 227 388 228 388 229 388 230 389 230 389 231 389 232 389 233 389 234 389 235 389 236 388 236 388 237 387 237 387 238 387 239 387 240 387 241 387 242 387 243 
23 58
387 243 387 244 387 245 387 246 387 247 387 248 386 248 386 249 386 250 387 250 387 251 388 251 389 251 390 251 391 251 392 251 393 251 394 251 395 251 395 252 396 252 397 252 397 253 398 253 399 253 400 253 401 253 402 253 402 254 403 254 403 255 404 255 404 256 405 256 405 257 406 257 406 258 407 258 408 258 408 259 409 259 410 259 410 260 411 260 411 261 412 261 412 262 412 263 412 264 412 265 412 266 412 267 412 268 413 268 414 268 415 268 415 269 416 269 
CtrlSeqSet
24
0 5
296 183 0 308 173 0 306 151 0 311 122 0 324 115 0 
1 5
244 182 0 255 180 0 269 180 0 282 181 0 296 183 0 
2 7
252 284 0 234 269 0 226 250 0 235 235 0 240 209 0 233 191 0 244 182 0 
3 6
141 279 0 149 257 0 155 232 0 161 205 0 156 187 0 161 163 0 
4 5
252 284 0 219 284 0 187 281 0 153 280 0 141 279 0 
5 5
415 271 0 438 271 0 456 276 0 476 281 0 507 283 0 
6 5
343 106 0 377 99 0 417 100 0 457 103 0 505 99 0 
7 3
324 115 0 328 106 0 343 106 0 
8 3
397 295 0 393 310 0 397 339 0 
9 6
415 271 0 405 277 0 389 274 0 389 273 0 396 285 0 397 295 0 
10 6
397 295 0 362 295 0 335 290 0 307 294 0 277 290 0 252 284 0 
11 5
196 173 0 201 126 0 209 82 0 211 32 0 209 -8 0 
12 3
161 163 0 176 165 0 196 173 0 
13 4
196 173 0 211 176 0 228 181 0 244 182 0 
14 5
111 171 0 82 160 0 53 154 0 18 154 0 0 153 0 
15 4
111 171 0 133 165 0 147 163 0 161 163 0 
16 3
25 298 0 13 298 0 -1 299 0 
17 7
141 279 0 114 277 0 86 278 0 70 291 0 52 302 0 33 304 0 25 298 0 
18 7
25 298 0 36 270 0 54 245 0 57 221 0 69 200 0 95 183 0 111 171 0 
19 6
295 181 0 300 205 0 311 221 0 316 236 0 341 242 0 359 245 0 
20 11
359 245 0 363 230 0 372 215 0 371 198 0 367 180 0 359 170 0 350 168 0 340 157 0 338 141 0 330 125 0 322 114 0 
21 3
389 239 0 375 246 0 359 245 0 
22 11
342 107 0 349 120 0 352 137 0 353 156 0 368 161 0 378 171 0 386 183 0 391 198 0 395 214 0 388 225 0 389 239 0 
23 4
389 239 0 398 253 0 412 262 0 415 271 0 
IfSplit
14
1 1 1 1 1 1 1 1 1 1 1 1 1 1 
jpt
14
324 115 0 296 183 0 244 182 0 252 284 0 161 163 0 141 279 0 415 271 0 343 106 0 397 295 0 196 173 0 111 171 0 25 298 0 359 245 0 389 239 0 
Seqid
14
282 177 1253 560 591 118 293 35 96 44 404 161 148 201 
splineid
14
0 3
0 7 20 
1 3
0 1 19 
2 3
1 2 13 
3 3
2 4 10 
4 3
3 12 15 
5 3
3 4 17 
6 3
5 9 23 
7 3
6 7 22 
8 3
8 9 10 
9 3
11 12 13 
10 3
14 15 18 
11 3
16 17 18 
12 3
19 20 21 
13 3
21 22 23 
