CircularSet
47
0 0 0 0 0 0 0 0 0 0 0 0 0 0 0 0 0 0 0 0 0 0 0 0 0 0 0 0 0 0 0 0 0 0 0 0 0 0 0 0 0 0 0 0 0 0 0 
ParaSet
47
0.25 0.25 0.25 0.55 0.25 0.05 0.25 0.05 0.25 0.25 0.25 0.25 0.25 0.25 0.55 0.25 0.25 0.25 0.25 0.25 0.25 0.25 0.25 0.25 0.25 0.25 0.15 0.05 0.25 0.05 0.05 0.25 0.05 0.25 0.15 0.15 0.25 0.15 0.15 0.25 0.25 0.25 0.25 0.35 0.25 0.25 0.25 
SeqSet
47
0 129
120 311 120 310 119 310 118 310 117 310 116 310 116 309 115 309 114 309 113 309 113 308 112 308 112 307 111 307 110 307 110 306 109 306 109 305 108 305 108 304 107 304 107 303 107 302 106 302 106 301 105 301 105 300 105 299 105 298 105 297 104 297 104 296 104 295 104 294 104 293 104 292 104 291 104 290 103 290 103 289 103 288 103 287 103 286 103 285 103 284 103 283 103 282 103 281 103 280 103 279 103 278 103 277 103 276 103 275 103 274 103 273 103 272 103 271 103 270 103 269 103 268 102 268 102 267 102 266 102 265 102 264 102 263 102 262 102 261 102 260 102 259 101 259 101 258 101 257 101 256 100 256 100 255 100 254 100 253 100 252 99 252 99 251 99 250 98 250 98 249 98 248 97 248 97 247 97 246 97 245 96 245 96 244 96 243 96 242 96 241 96 240 96 239 96 238 96 237 96 236 96 235 97 235 97 234 97 233 97 232 97 231 98 231 98 230 98 229 98 228 99 228 99 227 99 226 100 226 100 225 101 225 101 224 102 224 103 224 103 223 103 222 103 221 104 221 105 221 105 220 106 220 107 220 108 220 108 219 
1 67
108 218 108 219 108 220 107 220 107 221 107 222 107 223 107 224 107 225 107 226 108 226 108 227 109 227 109 228 110 228 110 229 111 229 112 229 112 230 112 231 111 231 111 232 111 233 111 234 110 234 110 235 110 236 110 237 111 237 111 238 112 238 113 238 113 239 113 240 113 241 114 241 114 242 114 243 114 244 114 245 114 246 113 246 113 247 113 248 113 249 113 250 114 250 114 251 114 252 114 253 114 254 114 255 114 256 114 257 114 258 114 259 114 260 114 261 114 262 114 263 114 264 114 265 114 266 114 267 115 267 116 267 117 267 
2 65
117 267 117 266 118 266 117 266 117 267 117 268 117 269 117 270 117 271 117 272 117 273 118 273 119 273 120 273 120 274 120 275 120 276 120 277 121 277 121 278 121 279 121 280 121 281 121 282 121 283 122 283 122 284 123 284 123 285 123 286 123 287 123 288 123 289 123 290 124 290 124 291 124 292 124 293 123 293 123 294 122 294 122 295 122 296 122 297 122 298 122 299 121 299 121 300 121 301 121 300 120 300 119 300 119 301 119 302 119 303 119 304 118 304 118 305 118 306 118 307 118 308 118 309 118 310 119 310 120 310 
3 39
350 341 349 340 350 340 350 339 350 338 350 337 351 337 351 336 351 335 351 334 351 333 351 332 351 331 351 330 352 330 352 329 352 328 352 327 352 326 353 326 353 325 353 324 353 323 353 322 352 322 351 322 351 321 350 321 349 321 350 321 350 320 350 319 350 318 351 318 351 317 351 316 351 315 351 314 351 313 
4 113
384 267 384 266 384 265 384 264 384 263 384 262 383 262 382 262 381 262 380 262 380 263 380 264 380 265 380 266 379 266 378 266 377 266 376 266 375 266 375 267 374 267 374 268 374 269 374 270 375 270 374 270 373 270 373 271 373 272 373 273 373 274 372 274 372 275 372 276 372 277 372 278 372 279 372 280 371 280 370 280 370 281 370 282 370 283 369 283 369 284 369 285 368 285 367 285 367 286 367 287 366 287 366 288 366 289 365 289 365 290 365 291 364 291 364 292 364 293 364 294 365 294 365 295 366 295 367 295 368 295 367 295 366 295 366 296 366 297 366 298 366 299 366 300 366 301 366 302 366 303 366 304 365 304 365 305 364 305 364 306 364 307 364 308 363 308 362 308 361 308 360 308 360 307 359 307 359 306 358 306 357 306 356 306 356 307 355 307 354 307 353 307 353 308 352 308 352 309 352 310 352 311 352 312 353 312 354 312 355 312 355 313 355 312 354 312 353 312 352 312 351 312 351 313 351 313 
5 860
108 218 109 218 109 217 109 216 109 215 109 214 108 214 108 213 108 212 108 211 108 210 108 209 108 208 107 208 106 208 105 208 105 207 105 206 105 205 105 204 105 203 106 203 106 202 106 201 106 200 106 199 106 198 106 197 106 196 106 195 106 194 106 193 106 192 106 191 106 190 106 189 106 188 106 187 106 186 106 185 105 185 105 184 105 183 104 183 104 182 104 181 104 180 104 179 104 178 104 177 104 176 104 175 104 174 104 173 104 172 104 171 104 170 104 169 104 168 104 167 104 166 104 165 104 164 104 163 104 162 104 161 104 160 104 159 103 159 103 158 103 157 103 156 103 155 103 154 103 153 103 152 103 151 102 151 102 150 102 149 102 148 102 147 102 146 102 145 103 145 104 145 105 145 106 145 106 144 106 143 106 142 107 142 107 141 107 140 108 140 108 139 108 138 108 137 109 137 109 136 109 135 110 135 110 134 111 134 111 133 111 132 112 132 112 131 113 131 113 130 113 129 114 129 114 128 114 127 114 126 113 126 113 125 113 124 113 123 112 123 111 123 111 122 110 122 110 121 110 120 110 119 110 118 110 117 110 116 110 115 110 114 110 113 111 113 111 112 111 111 112 111 112 110 112 109 112 108 112 107 112 106 112 105 112 104 113 104 113 103 114 103 114 102 115 102 115 101 116 101 116 100 117 100 117 99 117 98 117 97 116 97 116 96 116 95 117 95 117 94 118 94 119 94 119 93 120 93 120 92 121 92 122 92 122 91 123 91 123 90 124 90 124 89 125 89 126 89 126 88 127 88 127 87 128 87 128 86 129 86 129 85 129 84 130 84 130 83 131 83 131 82 132 82 133 82 133 81 133 80 134 80 134 79 135 79 136 79 136 78 137 78 137 77 138 77 139 77 139 76 139 75 139 74 139 73 140 73 141 73 142 73 143 73 144 73 145 73 146 73 147 73 148 73 149 73 149 72 150 72 150 71 151 71 151 70 152 70 153 70 153 69 154 69 155 69 156 69 157 69 157 68 158 68 158 67 158 66 158 65 158 64 158 63 158 62 158 61 158 60 158 59 158 58 159 58 159 57 160 57 161 57 161 56 162 56 163 56 163 55 163 54 162 54 161 54 161 53 161 52 162 52 162 51 162 50 162 49 162 48 163 48 164 48 165 48 166 48 167 48 168 48 169 48 169 47 170 47 170 46 171 46 171 45 171 44 171 43 171 42 171 41 171 40 172 40 173 40 174 40 174 39 175 39 175 38 175 37 175 36 176 36 176 35 177 35 178 35 178 34 178 33 178 32 179 32 179 31 180 31 181 31 182 31 183 31 183 30 183 29 183 28 182 28 181 28 182 28 183 28 183 27 184 27 185 27 186 27 186 26 187 26 187 25 187 24 186 24 186 23 185 23 185 22 184 22 185 22 185 21 185 20 186 20 186 19 187 19 187 18 187 17 188 17 189 17 190 17 191 17 191 18 192 18 193 18 194 18 195 18 196 18 197 18 198 18 198 19 199 19 200 19 201 19 202 19 202 20 203 20 204 20 204 21 205 21 205 22 206 22 207 22 207 23 207 24 208 24 209 24 209 23 210 23 211 23 211 24 212 24 213 24 214 24 214 25 215 25 215 26 216 26 217 26 218 26 219 26 219 25 219 24 220 24 221 24 222 24 222 25 223 25 224 25 225 25 225 26 226 26 226 27 227 27 228 27 228 28 229 28 229 29 230 29 231 29 232 29 233 29 233 30 234 30 234 31 235 31 236 31 236 30 237 30 237 29 238 29 239 29 239 28 240 28 241 28 242 28 243 28 244 28 245 28 245 27 245 26 246 26 246 25 247 25 248 25 249 25 250 25 251 25 252 25 253 25 254 25 254 24 255 24 256 24 257 24 258 24 259 24 259 25 260 25 261 25 261 26 262 26 263 26 264 26 265 26 266 26 267 26 268 26 269 26 270 26 271 26 271 27 272 27 273 27 274 27 275 27 275 28 276 28 277 28 277 29 278 29 279 29 279 30 279 31 279 32 280 32 280 33 280 34 281 34 282 34 282 35 283 35 284 35 285 35 286 35 287 35 287 36 288 36 289 36 290 36 290 37 291 37 292 37 293 37 294 37 295 37 296 37 297 37 298 37 299 37 300 37 301 37 302 37 302 36 302 35 302 34 303 34 304 34 304 35 305 35 305 36 306 36 306 37 307 37 307 38 308 38 308 39 309 39 310 39 310 40 311 40 311 41 312 41 313 41 313 42 314 42 315 42 315 43 316 43 316 44 317 44 318 44 318 45 319 45 320 45 321 45 322 45 323 45 324 45 325 45 325 46 326 46 327 46 328 46 329 46 329 47 330 47 330 48 331 48 332 48 332 49 333 49 333 50 334 50 334 51 335 51 335 52 336 52 336 53 337 53 337 54 337 55 337 56 338 56 339 56 340 56 340 57 340 58 341 58 341 59 341 60 342 60 342 61 342 62 343 62 344 62 344 63 345 63 345 64 345 65 346 65 346 66 346 67 347 67 347 68 347 69 348 69 348 70 349 70 350 70 351 70 352 70 353 70 353 69 354 69 355 69 355 68 356 68 356 67 356 66 357 66 357 65 357 64 358 64 358 63 359 63 360 63 360 64 360 65 360 66 360 67 360 68 360 69 360 70 360 71 359 71 359 72 359 73 359 74 359 75 360 75 361 75 361 76 361 77 361 78 361 79 362 79 362 80 363 80 363 81 363 82 364 82 364 83 364 84 364 85 365 85 365 86 365 87 365 88 365 89 365 90 366 90 367 90 368 90 368 89 369 89 370 89 371 89 371 90 371 91 371 92 371 93 371 94 371 95 371 96 372 96 372 97 373 97 373 98 374 98 374 99 374 100 374 101 374 102 374 103 373 103 373 104 372 104 372 105 372 106 373 106 374 106 375 106 376 106 377 106 378 106 379 106 380 106 381 106 382 106 383 106 383 107 383 108 384 108 384 109 384 110 384 111 385 111 385 112 385 113 385 114 386 114 386 115 387 115 387 116 387 117 387 118 387 119 387 120 387 121 387 122 387 123 388 123 388 124 388 125 389 125 389 126 389 127 390 127 390 128 391 128 391 129 392 129 393 129 393 130 393 131 393 132 393 133 393 134 392 134 392 135 392 136 392 137 392 138 393 138 393 139 393 140 393 141 393 142 394 142 394 143 394 144 395 144 395 145 396 145 396 146 396 147 397 147 397 148 398 148 398 149 398 150 398 151 398 152 398 153 398 154 399 154 399 155 399 156 400 156 400 157 400 158 400 159 400 160 400 161 401 161 401 162 401 163 401 164 401 165 401 166 401 167 401 168 401 169 402 169 402 170 403 170 403 171 403 172 403 173 403 174 403 175 403 176 403 177 403 178 403 179 403 180 403 181 403 182 403 183 403 184 403 185 402 185 402 186 402 187 402 188 402 189 403 189 403 190 403 191 403 192 403 193 403 194 403 195 403 196 403 197 404 197 404 198 404 199 404 200 404 201 404 202 404 203 404 204 403 204 403 205 403 206 402 206 402 207 401 207 400 207 399 207 398 207 398 208 398 209 398 210 398 211 397 211 397 212 397 213 397 214 396 214 395 214 394 214 394 215 394 216 394 217 393 217 393 218 393 219 393 220 393 221 393 222 393 223 393 224 393 225 393 226 392 226 392 227 392 228 392 229 391 229 391 230 391 231 391 232 391 233 391 234 391 235 391 236 390 236 390 237 390 238 390 239 390 240 390 241 390 242 390 243 390 244 389 244 389 245 389 246 388 246 388 247 388 248 387 248 387 249 387 250 387 251 387 252 387 253 387 254 387 255 386 255 386 256 386 257 386 258 386 259 386 260 385 260 385 261 385 262 385 263 384 263 384 264 384 265 384 266 384 267 
6 109
384 267 383 267 383 268 383 269 383 270 383 271 382 271 382 272 382 273 382 274 382 275 382 276 381 276 381 277 381 278 381 279 381 280 381 281 381 282 381 283 381 284 381 285 381 286 381 287 381 288 380 288 380 289 380 290 380 291 380 292 380 293 379 293 379 294 379 295 379 296 379 297 379 298 378 298 378 299 378 300 378 301 378 302 377 302 377 303 377 304 377 305 376 305 376 306 376 307 376 308 375 308 375 309 375 310 375 311 374 311 374 312 374 313 373 313 373 314 373 315 372 315 372 316 372 317 371 317 371 318 370 318 370 319 370 320 369 320 369 321 369 322 368 322 368 323 368 324 367 324 367 325 367 326 366 326 366 327 365 327 365 328 364 328 364 329 363 329 363 330 362 330 362 331 361 331 360 331 360 332 359 332 359 333 358 333 357 333 357 334 356 334 355 334 354 334 353 334 352 334 351 334 351 335 351 336 351 337 350 337 350 338 350 339 350 340 350 341 
7 574
350 215 350 214 350 213 350 212 349 212 349 211 349 210 349 209 350 209 350 208 351 208 351 207 352 207 352 206 352 205 351 205 351 204 350 204 350 203 350 202 350 201 350 200 350 199 350 198 350 197 350 196 349 196 349 195 349 194 349 193 349 192 350 192 351 192 352 192 353 192 354 192 355 192 355 191 356 191 356 190 356 189 356 188 356 187 356 186 356 185 356 184 356 183 356 182 355 182 354 182 353 182 353 181 353 180 353 179 353 178 353 177 353 176 353 175 353 174 352 174 352 173 351 173 352 173 352 172 352 171 352 170 352 169 351 169 351 168 351 167 351 166 350 166 350 165 350 164 350 163 350 162 349 162 349 161 349 160 349 159 349 158 349 157 348 157 348 156 347 156 347 155 346 155 346 154 345 154 345 153 345 152 345 151 345 150 344 150 343 150 342 150 342 149 341 149 340 149 340 148 339 148 338 148 338 147 337 147 337 146 336 146 336 145 336 144 335 144 335 143 334 143 333 143 332 143 331 143 330 143 329 143 328 143 328 142 327 142 326 142 326 141 325 141 324 141 323 141 322 141 321 141 320 141 320 142 319 142 318 142 317 142 316 142 315 142 314 142 313 142 312 142 311 142 310 142 309 142 308 142 308 141 308 140 308 139 307 139 307 138 306 138 305 138 304 138 304 139 303 139 303 140 302 140 301 140 300 140 299 140 299 139 298 139 297 139 297 138 297 137 297 136 297 135 297 134 296 134 295 134 294 134 293 134 292 134 291 134 290 134 289 134 288 134 287 134 286 134 286 133 285 133 284 133 284 134 283 134 282 134 281 134 280 134 280 135 279 135 278 135 277 135 276 135 276 136 275 136 274 136 273 136 272 136 271 136 270 136 269 136 269 137 268 137 268 138 268 139 267 139 267 140 266 140 266 141 265 141 265 142 264 142 264 143 264 144 264 145 264 146 263 146 263 145 263 144 262 144 262 143 261 143 260 143 260 142 259 142 258 142 258 143 258 144 257 144 257 145 256 145 256 146 255 146 254 146 253 146 252 146 251 146 250 146 249 146 249 145 248 145 247 145 246 145 245 145 245 146 245 147 244 147 244 148 244 149 243 149 243 150 243 151 242 151 242 152 242 153 242 154 241 154 241 155 240 155 239 155 238 155 237 155 236 155 235 155 234 155 234 154 233 154 232 154 231 154 230 154 229 154 229 153 229 152 228 152 228 151 227 151 226 151 225 151 224 151 223 151 222 151 222 152 222 153 222 152 222 151 223 151 224 151 225 151 226 151 226 150 226 149 227 149 227 148 228 148 228 147 228 146 228 145 229 145 229 144 230 144 230 143 231 143 231 142 232 142 232 141 233 141 233 140 234 140 234 139 235 139 236 139 236 138 236 137 236 136 237 136 237 135 238 135 238 134 238 133 238 132 237 132 237 131 237 130 237 129 236 129 236 128 235 128 235 127 234 127 234 126 234 125 233 125 232 125 231 125 231 126 230 126 229 126 228 126 227 126 227 125 226 125 225 125 224 125 223 125 222 125 221 125 220 125 219 125 219 124 219 123 218 123 218 122 218 121 217 121 216 121 215 121 215 122 214 122 214 123 213 123 213 124 212 124 211 124 210 124 210 125 209 125 208 125 207 125 207 126 206 126 205 126 205 127 204 127 203 127 203 128 203 127 202 127 201 127 200 127 199 127 198 127 198 128 197 128 196 128 196 129 195 129 195 130 194 130 193 130 193 131 192 131 191 131 191 132 190 132 189 132 188 132 187 132 187 131 186 131 185 131 184 131 183 131 183 132 182 132 182 133 181 133 182 133 182 132 183 132 183 131 183 130 184 130 184 129 184 128 184 127 184 126 185 126 185 125 186 125 186 124 186 123 186 122 185 122 184 122 184 121 183 121 182 121 181 121 180 121 179 121 178 121 177 121 176 121 176 120 175 120 174 120 174 121 173 121 172 121 172 122 171 122 171 123 170 123 170 124 169 124 168 124 168 125 167 125 167 126 166 126 166 127 165 127 165 128 164 128 164 129 163 129 163 130 162 130 161 130 161 131 160 131 160 132 160 133 159 133 159 134 158 134 158 135 158 136 157 136 157 137 156 137 156 138 156 139 155 139 155 140 154 140 154 141 154 142 153 142 153 143 153 144 152 144 152 145 152 146 152 147 152 148 151 148 151 149 151 150 151 151 151 152 151 153 151 154 152 154 152 155 152 156 152 157 152 158 153 158 153 159 153 160 154 160 154 161 154 162 154 163 154 164 154 165 154 166 154 167 154 168 155 168 155 169 155 170 155 171 155 172 155 173 156 173 156 174 156 175 156 176 156 177 157 177 157 178 157 179 157 180 157 181 156 181 156 182 155 182 154 182 154 183 154 184 155 184 154 184 153 184 153 185 152 185 151 185 151 186 151 187 151 188 150 188 149 188 149 189 148 189 148 190 147 190 147 191 147 192 147 193 146 193 145 193 145 194 144 194 144 195 144 196 143 196 143 197 142 197 141 197 141 198 140 198 140 199 139 199 138 199 137 199 137 200 136 200 136 201 136 202 136 203 136 204 136 205 135 205 135 206 135 207 135 208 135 209 135 210 135 211 
8 112
228 207 227 207 226 207 225 207 224 207 223 207 222 207 221 207 220 207 219 207 218 207 217 207 216 207 215 207 214 207 213 207 212 207 211 207 211 206 210 206 210 205 209 205 208 205 207 205 206 205 205 205 204 205 203 205 203 206 202 206 201 206 200 206 199 206 198 206 197 206 196 206 195 206 194 206 193 206 193 205 192 205 191 205 190 205 189 205 188 205 187 205 186 205 185 205 184 205 183 205 182 205 181 205 180 205 179 205 178 205 178 204 177 204 176 204 175 204 174 204 174 205 173 205 172 205 171 205 170 205 170 204 169 204 168 204 167 204 166 204 165 204 164 204 163 204 162 204 161 204 160 204 159 204 158 204 157 204 156 204 156 205 155 205 154 205 153 205 152 205 151 205 150 205 149 205 148 205 147 205 146 205 145 205 145 204 144 204 143 204 142 204 142 205 141 205 140 205 139 205 138 205 138 206 138 207 137 207 137 208 136 208 136 209 135 209 135 210 134 210 133 210 135 211 
9 141
350 215 351 215 350 215 349 215 349 214 348 214 347 214 347 213 346 213 345 213 345 212 344 212 343 212 342 212 341 212 340 212 339 212 338 212 338 213 337 213 337 214 336 214 335 214 334 214 333 214 332 214 331 214 330 214 329 214 328 214 327 214 326 214 325 214 324 214 324 215 323 215 322 215 321 215 320 215 319 215 318 215 318 214 317 214 316 214 316 213 315 213 314 213 313 213 312 213 311 213 310 213 309 213 308 213 307 213 307 214 306 214 306 215 306 216 306 217 306 218 306 219 306 220 306 221 306 222 305 222 305 223 305 224 305 225 305 226 305 227 305 228 305 229 304 229 304 230 303 230 302 230 301 230 300 230 299 230 299 229 298 229 297 229 296 229 295 229 294 229 294 228 294 227 293 227 292 227 291 227 290 227 290 226 290 225 290 224 290 223 290 222 290 221 290 220 290 219 290 218 290 217 290 216 289 216 289 215 289 214 289 213 289 212 289 212 288 212 287 212 286 212 285 212 284 212 283 212 282 212 281 212 280 212 279 212 278 212 277 212 276 212 275 212 274 212 273 212 272 212 271 212 270 212 269 212 268 212 268 211 267 211 266 211 265 211 264 211 264 210 264 209 263 209 262 209 261 209 261 208 260 208 
10 34
260 208 259 208 258 208 257 208 256 208 255 208 254 208 253 208 252 208 251 208 250 208 249 208 248 208 247 208 246 208 245 208 244 208 244 207 243 207 242 207 241 207 240 207 239 207 238 207 237 207 236 207 235 207 234 207 233 207 232 207 231 207 230 207 229 207 228 207 
11 27
126 252 125 252 125 253 125 254 125 255 124 255 124 256 124 257 124 258 124 259 124 260 123 260 122 260 122 261 122 262 122 263 121 263 121 264 121 265 121 266 121 267 120 267 120 268 119 268 118 268 117 268 117 267 
12 130
226 267 226 265 225 265 224 265 223 265 222 265 222 266 221 266 220 266 219 266 218 266 217 266 216 266 215 266 214 266 213 266 212 266 211 266 210 266 209 266 208 266 207 266 207 267 206 267 205 267 204 267 203 267 202 267 201 267 200 267 199 267 198 267 197 267 196 267 195 267 194 267 193 267 192 267 192 268 191 268 190 268 190 267 189 267 188 267 188 266 187 266 186 266 185 266 184 266 184 265 183 265 182 265 182 265 182 264 182 263 182 262 181 262 180 262 179 262 178 262 177 262 177 261 176 261 175 261 175 260 174 260 173 260 173 259 172 259 171 259 170 259 170 260 169 260 168 260 168 261 167 261 166 261 165 261 164 261 163 261 162 261 161 261 160 261 160 260 159 260 158 260 158 259 158 258 157 258 156 258 155 258 154 258 153 258 153 259 152 259 151 259 151 258 150 258 149 258 148 258 147 258 146 258 146 257 146 256 145 256 145 255 144 255 143 255 142 255 141 255 140 255 139 255 138 255 138 254 137 254 136 254 136 253 135 253 134 253 134 254 133 254 132 254 131 254 130 254 129 254 128 254 127 254 126 254 126 253 126 252 
13 150
359 276 359 277 358 277 357 277 357 276 356 276 356 275 355 275 354 275 354 276 354 277 354 278 353 278 352 278 351 278 350 278 349 278 349 279 348 279 347 279 346 279 345 279 344 279 343 279 342 279 341 279 341 280 341 281 341 282 340 282 339 282 338 282 337 282 337 283 336 283 336 284 335 284 334 284 333 284 332 284 332 283 331 283 330 283 330 282 329 282 328 282 327 282 327 282 326 282 325 282 325 281 324 281 323 281 322 281 322 280 321 280 320 280 319 280 318 280 317 280 316 280 315 280 314 280 314 281 314 282 314 283 313 283 312 283 311 283 310 283 309 283 309 282 308 282 307 282 306 282 306 283 305 283 304 283 303 283 303 284 302 284 301 284 300 284 299 284 299 283 298 283 297 283 296 283 295 283 295 282 294 282 294 281 294 280 294 279 294 280 293 280 292 280 291 280 290 280 290 279 289 279 288 279 288 278 288 277 288 276 288 275 289 275 288 275 288 276 287 276 286 276 285 276 285 277 284 277 283 277 283 276 282 276 282 275 281 275 280 275 280 274 279 274 278 274 278 275 277 275 276 275 275 275 274 275 274 274 273 274 272 274 272 273 271 273 270 273 269 273 268 273 267 273 267 272 266 272 266 271 265 271 265 270 264 270 263 270 262 270 261 270 260 270 259 270 258 270 255 270 
14 46
351 313 351 312 351 311 352 311 352 310 352 309 352 308 353 308 353 307 353 306 354 306 354 305 354 304 354 303 354 302 355 302 355 301 355 300 355 299 356 299 356 298 356 297 356 296 356 295 357 295 357 294 358 294 358 293 358 292 358 291 358 290 358 289 358 288 358 287 358 286 358 285 358 284 358 283 358 282 358 281 358 280 358 279 359 279 359 278 359 277 359 276 
15 46
260 208 260 210 260 211 260 212 260 213 260 214 260 215 260 216 259 216 258 216 258 217 257 217 257 218 257 219 257 220 257 221 257 222 257 223 257 224 257 225 257 226 257 227 257 228 257 229 257 230 257 231 256 231 256 232 256 233 256 234 256 235 255 235 255 236 254 236 254 237 254 238 254 239 255 239 255 240 256 240 256 241 256 242 256 243 256 244 256 245 256 246 
16 32
256 246 256 247 256 248 257 248 257 249 258 249 259 249 259 250 259 251 259 252 259 253 258 253 257 253 257 254 257 255 257 256 257 257 257 258 257 259 256 259 256 260 256 261 256 262 256 263 256 264 256 265 256 266 256 267 255 267 255 268 255 269 255 270 
17 146
360 260 358 260 357 260 357 261 356 261 355 261 354 261 354 260 353 260 352 260 351 260 350 260 349 260 348 260 347 260 346 260 345 260 344 260 343 260 342 260 342 261 341 261 341 262 340 262 339 262 338 262 337 262 337 261 337 260 336 260 335 260 335 259 335 258 334 258 333 258 332 258 331 258 331 257 330 257 329 257 328 257 328 256 328 255 328 254 327 254 326 254 326 254 326 253 325 253 324 253 323 253 322 253 321 253 321 252 321 251 320 251 319 251 319 250 319 249 318 249 317 249 316 249 315 249 314 249 313 249 312 249 311 249 311 248 310 248 309 248 308 248 308 247 307 247 307 246 307 245 307 244 306 244 305 244 305 243 304 243 303 243 302 243 301 243 300 243 300 244 299 244 299 245 299 246 298 246 298 245 297 245 297 244 296 244 295 244 294 244 293 244 292 244 291 244 290 244 289 244 289 245 288 245 287 245 286 245 285 245 285 246 284 246 283 246 282 246 282 245 282 244 281 244 280 244 279 244 278 244 277 244 276 244 275 244 274 244 274 245 273 245 273 246 272 246 271 246 270 246 269 246 269 247 268 247 267 247 267 248 266 248 266 249 265 249 264 249 263 249 262 249 261 249 260 249 259 249 258 249 257 249 257 248 256 248 255 248 255 247 256 246 
18 20
359 276 359 275 359 274 359 273 359 272 359 271 359 270 360 270 360 269 361 269 361 268 361 267 361 266 361 265 360 265 360 264 360 263 360 262 360 261 360 260 
19 69
360 260 360 259 360 258 360 257 361 257 361 256 361 255 361 254 360 254 360 253 360 253 360 252 360 251 360 250 361 250 362 250 362 249 362 248 362 247 363 247 363 246 363 245 364 245 364 244 365 244 365 243 365 242 365 241 365 240 365 239 364 239 364 238 363 238 362 238 361 238 361 237 361 236 361 235 361 234 361 233 361 232 360 232 360 231 360 230 360 229 360 228 359 228 359 227 359 226 358 226 358 225 357 225 357 224 356 224 356 223 355 223 355 222 354 222 353 222 353 221 352 221 351 221 350 221 350 220 350 219 350 218 350 217 350 216 350 215 
20 30
226 267 227 267 228 267 228 266 228 265 228 264 227 264 227 263 227 262 227 261 227 260 227 259 227 258 227 257 227 256 227 255 228 255 229 255 229 254 229 253 229 252 229 251 229 250 228 250 228 249 228 248 229 248 229 247 229 246 229 245 
21 46
229 245 229 244 229 243 229 242 229 241 230 241 230 240 230 239 230 238 230 237 229 237 229 236 229 235 229 234 229 233 229 232 229 231 229 230 230 230 229 230 228 230 228 229 228 228 228 227 228 226 228 225 228 224 229 224 229 223 229 222 229 221 229 220 229 219 229 218 229 217 228 217 228 216 228 215 228 214 228 213 228 212 228 211 228 210 228 209 228 208 228 207 
22 148
128 238 129 237 129 238 130 238 130 239 131 239 131 240 132 240 133 240 134 240 135 240 136 240 137 240 138 240 138 239 139 239 140 239 141 239 141 240 141 239 142 239 143 239 143 240 144 240 145 240 145 239 145 238 146 238 147 238 148 238 149 238 149 239 149 240 148 240 148 240 149 240 149 239 149 238 149 237 150 237 151 237 152 237 152 238 153 238 154 238 155 238 155 237 156 237 156 236 156 235 156 234 157 234 158 234 159 234 160 234 161 234 162 234 162 233 163 233 164 233 165 233 165 232 166 232 166 231 167 231 168 231 169 231 170 231 171 231 171 230 172 230 172 229 173 229 174 229 175 229 176 229 177 229 178 229 179 229 180 229 181 229 182 229 183 229 184 229 184 228 185 228 186 228 187 228 188 228 189 228 189 229 190 229 191 229 191 230 192 230 193 230 193 231 194 231 195 231 196 231 197 231 197 232 198 232 199 232 200 232 201 232 201 233 202 233 203 233 203 234 204 234 205 234 205 235 206 235 206 236 207 236 208 236 208 237 209 237 209 238 210 238 211 238 212 238 212 239 213 239 213 240 214 240 215 240 215 241 216 241 217 241 217 242 218 242 219 242 219 243 219 244 220 244 221 244 222 244 223 244 224 244 224 243 225 243 226 243 227 243 228 243 228 244 229 245 
23 37
135 211 135 212 135 213 134 213 133 213 133 214 133 215 133 216 133 217 132 217 132 218 132 219 132 220 131 220 131 221 131 222 131 223 131 224 131 225 131 226 131 227 131 228 131 229 131 230 131 231 130 231 130 232 130 233 131 233 130 233 130 234 130 235 130 236 130 237 129 237 129 238 128 238 
24 21
128 238 128 239 127 239 127 240 126 240 126 241 125 241 125 242 125 243 125 244 125 245 126 245 126 246 127 246 127 247 127 248 127 249 127 250 126 250 126 251 126 252 
25 82
350 341 350 342 350 343 349 343 349 344 349 345 349 346 349 347 349 348 349 349 349 350 349 351 348 351 348 352 348 353 348 354 348 355 348 356 348 357 348 358 348 359 348 360 347 360 347 361 347 362 347 363 347 364 347 365 347 366 347 367 346 367 346 368 346 369 346 370 346 371 346 372 346 373 345 373 345 374 345 375 345 376 345 377 344 377 344 378 344 379 344 380 344 381 343 381 343 382 343 383 342 383 342 384 342 385 342 386 341 386 341 387 341 388 341 389 340 389 340 390 340 391 339 391 339 392 339 393 338 393 338 394 338 395 337 395 337 396 336 396 336 397 336 398 335 398 335 399 335 400 335 401 335 402 334 402 334 403 334 404 334 405 333 405 
26 118
140 399 139 399 139 398 139 397 139 396 139 395 138 395 138 394 137 394 137 393 136 393 136 392 135 392 135 391 135 390 134 390 134 389 133 389 133 388 133 387 132 387 132 386 131 386 131 385 130 385 130 384 130 383 129 383 129 382 128 382 128 381 128 380 127 380 127 379 127 378 126 378 126 377 126 376 125 376 125 375 125 374 124 374 124 373 124 372 124 371 123 371 123 370 123 369 123 368 122 368 122 367 122 366 122 365 122 364 121 364 121 363 121 362 121 361 121 360 121 359 120 359 120 358 120 357 120 356 120 355 120 354 120 353 120 352 120 351 119 351 119 350 119 349 119 348 119 347 119 346 119 345 119 344 119 343 119 342 119 341 119 340 119 339 119 338 119 337 119 336 119 335 119 334 119 333 119 332 119 331 119 330 119 329 119 328 119 327 119 326 119 325 119 324 120 324 120 323 120 322 120 321 120 320 120 319 120 318 120 324 120 323 120 322 120 321 120 320 120 319 120 318 120 317 120 316 120 315 120 314 120 313 120 312 120 311 
27 270
145 440 144 441 144 442 143 442 143 443 142 443 141 443 141 444 140 444 139 444 139 445 138 445 138 446 137 446 136 446 136 447 135 447 135 448 134 448 133 448 133 449 132 449 132 450 131 450 130 450 130 451 129 451 129 452 128 452 128 453 127 453 126 453 126 454 125 454 125 455 124 455 124 456 123 456 122 456 122 457 121 457 121 458 120 458 120 459 119 459 119 460 118 460 117 460 117 461 116 461 116 462 115 462 115 463 114 463 114 464 113 464 113 465 112 465 112 466 111 466 110 466 110 467 109 467 109 468 108 468 108 469 107 469 107 470 106 470 106 471 105 471 105 472 104 472 104 473 103 473 103 474 102 474 101 474 101 475 100 475 100 476 99 476 99 477 98 477 98 478 97 478 97 479 96 479 96 480 95 480 95 481 94 481 94 482 93 482 92 482 92 483 91 483 91 484 90 484 90 485 89 485 89 486 88 486 88 487 87 487 87 488 86 488 86 489 85 489 85 490 84 490 84 491 83 491 83 492 82 492 82 493 81 493 81 494 80 494 80 495 79 495 79 496 78 496 78 497 77 497 77 498 76 498 76 499 75 499 75 500 74 500 74 501 73 501 73 502 72 502 72 503 71 503 71 504 70 504 70 505 69 505 69 506 68 506 68 507 67 507 67 508 66 508 66 509 65 509 65 510 64 510 64 511 63 511 63 512 62 512 62 513 61 513 61 514 60 514 60 515 59 515 59 516 59 517 58 517 58 518 57 518 57 519 56 519 56 520 56 521 55 521 55 522 55 523 54 523 54 524 54 525 53 525 53 526 53 527 52 527 52 528 52 529 51 529 51 530 51 531 50 531 50 532 50 533 49 533 49 534 49 535 48 535 48 536 48 537 47 537 47 538 47 539 46 539 46 540 46 541 45 541 45 542 45 543 44 543 44 544 43 544 42 544 41 544 41 545 40 545 39 545 39 546 38 546 37 546 37 547 36 547 35 547 35 548 34 548 34 549 33 549 32 549 32 550 31 550 30 550 30 551 29 551 28 551 28 552 27 552 27 553 26 553 25 553 25 554 24 554 23 554 23 555 22 555 22 556 21 556 20 556 20 557 19 557 18 557 18 558 17 558 16 558 16 559 15 559 14 559 14 560 13 560 12 560 12 561 11 561 10 561 10 562 9 562 8 562 8 563 7 563 7 564 6 564 5 564 5 565 4 565 3 565 3 566 2 566 1 566 
28 48
140 399 140 399 140 400 140 401 140 402 140 403 140 404 140 405 140 406 140 407 141 407 141 408 141 409 141 410 141 411 141 412 142 412 142 413 142 414 142 415 142 416 142 417 142 418 143 418 143 419 143 420 143 421 143 422 143 423 143 424 144 424 144 425 144 426 144 427 144 428 144 429 144 430 145 430 145 431 145 432 145 433 145 434 145 435 145 436 145 437 145 438 145 439 145 440 
29 202
145 440 145 441 145 442 146 442 146 443 146 444 146 445 146 446 147 446 147 447 147 448 147 449 147 450 147 451 147 452 147 453 147 454 147 455 147 456 148 456 148 457 148 458 148 459 148 460 148 461 148 462 148 463 148 464 148 465 148 466 148 467 148 468 148 469 148 470 148 471 148 472 148 473 148 474 148 475 148 476 148 477 148 478 148 479 148 480 149 480 149 481 149 482 149 483 149 484 149 485 149 486 149 487 149 488 149 489 149 490 149 491 149 492 149 493 149 494 149 495 149 496 149 497 148 497 148 498 148 499 148 500 148 501 148 502 148 503 148 504 147 504 147 505 147 506 147 507 147 508 147 509 147 510 146 510 146 511 145 511 144 511 144 510 144 511 144 512 143 512 142 512 141 512 141 513 141 514 140 514 140 515 140 516 139 516 139 517 138 517 138 518 138 519 137 519 137 520 137 521 137 522 136 522 136 523 136 524 135 524 135 525 135 526 135 527 135 528 134 528 134 529 134 530 134 531 133 531 133 532 133 533 132 533 132 534 132 535 132 536 132 537 132 538 132 539 132 540 132 541 132 542 133 542 133 543 133 544 133 545 133 546 134 546 134 547 134 548 134 549 133 549 133 550 133 551 133 552 134 552 135 552 136 552 136 553 136 554 136 555 137 555 137 556 137 557 137 558 137 559 136 559 137 559 137 560 138 560 139 560 140 560 140 561 140 562 140 563 139 563 139 564 139 565 140 565 140 566 140 567 140 568 140 569 140 570 139 570 139 571 139 572 140 572 140 573 140 574 140 575 140 576 140 577 141 577 141 578 141 579 141 580 141 581 141 582 141 583 141 584 141 585 141 586 142 586 142 587 142 588 142 589 142 590 142 591 143 591 143 592 143 593 143 594 143 595 144 595 144 596 144 597 144 598 
30 320
343 425 341 426 340 426 339 426 338 426 338 427 337 427 336 427 335 427 334 427 334 428 333 428 333 427 332 427 331 427 330 427 329 427 328 427 327 427 326 427 326 428 325 428 324 428 324 429 323 429 323 430 322 430 322 431 321 431 321 432 320 432 320 433 319 433 319 434 318 434 318 435 317 435 317 436 316 436 316 437 315 437 315 438 314 438 314 439 314 440 313 440 313 441 312 441 312 442 312 443 311 443 311 444 310 444 310 445 310 446 309 446 309 447 308 447 308 448 307 448 307 449 306 449 306 450 306 451 305 451 305 452 304 452 304 453 303 453 303 454 302 454 302 455 302 456 301 456 301 457 300 457 300 458 299 458 299 459 298 459 298 460 298 461 297 461 297 462 296 462 296 463 295 463 295 464 294 464 294 465 293 465 293 466 292 466 292 467 291 467 291 468 290 468 290 469 289 469 289 470 288 470 288 471 288 472 287 472 287 473 286 473 286 474 285 474 285 475 284 475 284 476 283 476 283 477 282 477 282 478 281 478 281 479 280 479 280 480 280 481 279 481 279 482 278 482 278 483 277 483 277 484 276 484 276 485 275 485 275 486 274 486 274 487 273 487 273 488 272 488 272 489 271 489 270 489 270 490 269 490 269 491 268 491 268 492 267 492 267 493 266 493 266 494 265 494 265 495 264 495 264 496 263 496 263 497 262 497 262 498 261 498 260 498 260 499 259 499 259 500 258 500 258 501 257 501 257 502 256 502 255 502 255 503 254 503 253 503 253 504 252 504 252 505 251 505 250 505 250 506 249 506 249 507 248 507 247 507 247 508 246 508 246 509 245 509 244 509 244 510 243 510 242 510 242 511 241 511 240 511 240 512 239 512 239 513 238 513 238 514 237 514 236 514 236 515 235 515 234 515 234 516 233 516 232 516 232 517 231 517 230 517 230 518 229 518 229 519 228 519 227 519 227 520 226 520 226 521 225 521 225 522 224 522 224 523 223 523 222 523 222 524 221 524 221 525 220 525 220 526 219 526 219 527 218 527 218 528 217 528 217 529 216 529 216 530 215 530 215 531 215 532 214 532 214 533 213 533 213 534 212 534 212 535 212 536 211 536 211 537 211 538 211 539 211 540 210 540 210 541 210 542 210 543 210 544 210 545 210 546 210 547 210 548 209 548 209 549 209 550 209 551 210 551 210 552 210 553 210 554 210 555 210 556 210 557 210 558 211 558 211 559 211 560 211 561 211 562 211 563 212 563 212 564 212 565 212 566 212 567 212 568 212 569 212 570 213 570 213 571 213 572 213 573 213 574 213 575 213 576 212 576 212 577 211 577 211 578 210 578 210 579 210 580 210 581 210 582 210 583 210 584 210 585 210 586 211 586 211 587 211 588 211 589 212 589 212 590 212 591 212 592 212 593 212 594 213 594 214 594 214 595 214 596 214 597 214 598 213 598 
31 32
333 405 333 405 333 406 333 407 333 408 334 408 334 409 334 410 335 410 335 411 335 412 336 412 336 413 336 414 337 414 337 415 337 416 338 416 338 417 338 418 338 419 339 419 339 420 339 421 340 421 340 422 341 422 341 423 341 424 342 424 342 425 343 425 
32 276
343 425 343 426 343 427 344 427 344 428 345 428 345 429 345 430 346 430 346 431 347 431 347 432 348 432 348 433 348 434 349 434 349 435 350 435 350 436 351 436 351 437 351 438 352 438 352 439 353 439 353 440 353 441 354 441 354 442 355 442 355 443 356 443 356 444 356 445 357 445 357 446 358 446 358 447 358 448 359 448 359 449 360 449 360 450 361 450 361 451 361 452 362 452 362 453 363 453 363 454 364 454 364 455 364 456 365 456 365 457 366 457 366 458 367 458 367 459 368 459 368 460 368 461 369 461 369 462 370 462 370 463 370 464 371 464 371 465 372 465 372 466 372 467 372 468 373 468 373 469 373 470 374 470 374 471 375 471 376 471 376 472 377 472 378 472 378 473 379 473 380 473 380 474 381 474 382 474 382 475 383 475 383 476 384 476 385 476 385 477 386 477 386 478 387 478 387 479 388 479 389 479 389 480 390 480 391 480 391 481 392 481 392 482 393 482 394 482 394 483 395 483 396 483 397 483 397 484 398 484 399 484 399 485 400 485 401 485 401 486 402 486 403 486 403 487 404 487 404 488 405 488 406 488 406 489 407 489 407 490 408 490 409 490 409 491 410 491 410 492 411 492 412 492 412 493 413 493 414 493 414 494 415 494 416 494 416 495 417 495 418 495 418 496 419 496 420 496 420 497 421 497 422 497 422 498 423 498 424 498 424 499 425 499 426 499 426 500 427 500 428 500 428 501 429 501 429 502 430 502 431 502 431 503 432 503 433 503 433 504 434 504 435 504 435 505 436 505 437 505 437 506 438 506 439 506 439 507 440 507 441 507 441 508 442 508 443 508 443 509 444 509 444 510 445 510 446 510 446 511 447 511 448 511 448 512 449 512 449 513 450 513 451 513 451 514 452 514 453 514 453 515 454 515 454 516 455 516 456 516 456 517 457 517 458 517 458 518 459 518 460 518 460 519 461 519 461 520 462 520 463 520 463 521 464 521 465 521 465 522 466 522 466 523 467 523 468 523 468 524 469 524 469 525 470 525 471 525 471 526 472 526 472 527 473 527 474 527 474 528 475 528 475 529 476 529 477 529 477 530 478 530 478 531 479 531 480 531 480 532 481 532 481 533 482 533 482 534 483 534 484 534 484 535 485 535 485 536 486 536 486 537 487 537 488 537 488 538 489 538 489 539 490 539 490 540 491 540 492 540 492 541 493 541 493 542 494 542 494 543 495 543 496 543 496 544 497 544 497 545 498 545 
33 81
255 270 255 271 255 272 255 273 255 274 255 275 256 275 257 275 257 276 257 277 258 277 258 278 258 279 258 280 258 281 258 282 258 283 258 284 258 285 258 286 258 287 258 288 258 289 258 290 258 291 258 292 259 292 259 293 260 293 260 294 260 295 261 295 262 295 263 295 264 295 264 295 264 296 264 297 264 298 264 299 264 300 264 301 264 302 264 303 264 304 265 304 266 304 266 305 266 306 267 306 267 307 268 307 269 307 269 308 269 309 270 309 270 310 270 311 271 311 271 312 271 313 272 313 272 314 272 315 272 316 273 316 273 317 273 318 273 319 272 319 272 320 272 321 272 322 272 323 272 324 272 325 272 326 272 327 272 328 272 329 271 329 
34 88
333 405 334 407 333 407 332 407 331 407 330 407 329 407 329 408 328 408 328 409 327 409 327 410 326 410 326 411 326 412 325 412 325 413 324 413 324 414 323 414 323 415 322 415 321 415 321 416 320 416 319 416 319 417 318 417 318 418 317 418 317 419 316 419 316 420 315 420 314 420 314 421 313 421 313 422 313 423 313 424 314 424 314 425 314 426 313 426 313 427 312 427 312 428 312 429 311 429 311 430 310 430 309 430 309 431 309 432 308 432 307 432 307 433 306 433 306 434 305 434 304 434 304 435 303 435 303 436 302 436 302 437 301 437 300 437 300 438 300 439 299 439 298 439 298 440 297 440 296 440 295 440 295 441 294 441 294 442 293 442 292 442 291 442 291 441 290 441 289 441 289 442 288 442 287 442 
35 109
271 329 271 330 270 330 270 331 269 331 268 331 268 330 268 331 268 332 267 332 267 333 266 333 265 333 264 333 263 333 262 333 261 333 261 334 260 334 259 334 258 334 258 335 258 336 257 336 256 336 255 336 255 337 255 338 255 339 254 339 253 339 252 339 251 339 250 339 249 339 248 339 248 338 247 338 246 338 245 338 245 337 244 337 243 337 242 337 242 338 241 338 241 339 240 339 239 339 238 339 237 339 236 339 235 339 234 339 234 338 233 338 233 337 232 337 231 337 231 336 230 336 230 335 229 335 229 334 229 333 229 332 229 331 228 331 228 330 227 330 226 330 225 330 225 331 225 332 224 332 223 332 223 333 222 333 221 333 220 333 219 333 218 333 218 332 217 332 217 331 217 330 216 330 216 329 215 329 214 329 214 328 213 328 212 328 211 328 210 328 210 327 209 327 208 327 208 326 207 326 206 326 206 325 205 325 205 324 204 324 204 323 204 322 203 322 203 321 
36 82
203 321 203 320 203 319 203 318 203 317 203 316 204 316 204 315 204 314 205 314 205 313 205 312 205 311 205 310 205 309 205 308 205 307 205 306 205 305 206 305 206 304 206 303 207 303 208 303 209 303 209 302 210 302 210 301 211 301 211 300 211 299 212 299 212 298 212 297 212 296 213 296 213 295 214 295 214 294 213 294 213 293 213 292 212 292 212 291 212 290 212 289 212 288 212 287 213 287 213 286 214 286 215 286 216 286 216 285 216 284 216 283 217 283 218 283 219 283 220 283 221 283 221 282 221 281 221 280 221 279 221 278 221 277 221 276 222 276 222 275 223 275 224 275 224 274 224 273 224 272 224 271 224 270 225 270 225 269 225 268 226 268 226 267 
37 185
287 442 286 442 286 443 285 443 284 443 283 443 282 443 281 443 281 444 281 445 280 445 280 446 280 447 279 447 278 447 278 448 277 448 277 449 276 449 275 449 274 449 274 450 273 450 273 451 272 451 272 452 271 452 270 452 270 453 269 453 268 453 267 453 267 454 267 455 266 455 265 455 264 455 263 455 263 454 262 454 261 454 260 454 259 454 259 455 259 456 258 456 258 457 258 458 258 459 258 460 258 459 257 459 256 459 256 458 255 458 254 458 254 459 253 459 252 459 251 459 250 459 249 459 248 459 247 459 246 459 246 458 245 458 244 458 243 458 243 459 242 459 242 460 242 459 241 459 240 459 239 459 239 460 238 460 237 460 236 460 236 461 236 462 235 462 234 462 234 461 234 460 233 460 232 460 231 460 230 460 229 460 229 459 228 459 227 459 226 459 225 459 224 459 223 459 222 459 221 459 220 459 219 459 218 459 217 459 216 459 215 459 214 459 213 459 213 458 212 458 211 458 210 458 210 457 209 457 208 457 208 456 207 456 206 456 205 456 204 456 203 456 202 456 201 456 200 456 199 456 198 456 198 455 197 455 196 455 196 454 195 454 194 454 194 453 193 453 192 453 192 452 192 451 192 450 192 449 191 449 191 448 190 448 190 447 189 447 189 446 189 445 188 445 187 445 186 445 185 445 184 445 183 445 182 445 182 444 181 444 181 443 181 442 181 441 180 441 180 440 180 439 180 438 180 437 180 436 180 435 180 434 179 434 178 434 177 434 176 434 176 433 176 432 176 431 176 430 176 429 175 429 175 428 174 428 173 428 172 428 172 427 171 427 171 426 170 426 170 425 
38 57
170 425 170 424 169 424 169 423 168 423 168 422 168 421 167 421 166 421 165 421 165 420 164 420 164 419 164 418 163 418 163 417 162 417 162 416 161 416 161 415 161 414 160 414 159 414 158 414 158 413 157 413 157 412 156 412 156 411 155 411 154 411 153 411 152 411 152 410 151 410 151 409 150 409 150 408 149 408 149 407 148 407 148 406 148 405 147 405 147 404 146 404 146 403 145 403 145 402 144 402 144 401 143 401 143 400 142 400 142 399 141 399 140 399 
39 62
170 425 172 423 173 423 173 422 174 422 175 422 176 422 176 421 176 420 176 419 176 418 175 418 176 418 176 417 176 416 176 415 176 414 176 413 176 412 175 412 174 412 174 411 174 410 174 409 174 408 174 407 174 406 174 405 175 405 176 405 177 405 178 405 178 404 178 403 178 402 178 401 178 400 178 399 177 399 177 398 177 397 177 396 177 395 177 394 178 394 179 394 180 394 181 394 181 393 181 392 181 391 182 391 183 391 183 390 183 389 183 388 183 387 184 387 184 386 184 385 184 384 184 383 
40 139
277 394 277 395 277 396 276 396 276 397 275 397 274 397 273 397 272 397 271 397 270 397 270 396 270 395 270 394 269 394 268 394 268 393 267 393 266 393 265 393 264 393 264 394 264 395 264 396 264 397 264 398 263 398 263 399 262 399 261 399 260 399 259 399 259 400 259 401 258 401 258 402 257 402 257 403 256 403 255 403 254 403 253 403 253 404 252 404 251 404 250 404 249 404 249 403 248 403 247 403 246 403 245 403 244 403 243 403 242 403 241 403 241 402 241 401 241 400 241 399 240 399 240 398 239 398 238 398 237 398 236 398 235 398 234 398 233 398 232 398 231 398 230 398 229 398 228 399 228 398 227 398 226 398 225 398 225 399 225 398 225 397 224 397 223 397 223 396 222 396 221 396 220 396 220 395 219 395 218 395 217 395 217 394 216 394 215 394 215 393 214 393 213 393 213 392 212 392 211 392 211 393 210 393 209 393 209 392 208 392 208 391 207 391 206 391 205 391 205 390 204 390 204 389 203 389 203 388 202 388 202 387 201 387 201 386 200 386 200 385 199 385 198 385 198 384 197 384 196 384 195 384 194 384 193 384 192 384 191 384 190 384 189 384 189 385 188 385 187 385 186 385 185 385 185 384 184 383 
41 65
287 442 288 439 288 438 288 437 288 436 288 435 287 435 287 434 286 434 286 433 286 432 286 431 285 431 284 431 283 431 282 431 282 430 282 429 282 428 282 427 282 426 282 425 281 425 280 425 279 425 279 424 279 423 279 422 278 422 278 421 278 420 278 419 278 418 278 417 278 416 277 416 277 415 277 414 277 413 277 412 277 411 278 411 279 411 279 410 279 409 279 408 279 407 279 406 279 405 279 404 279 403 279 402 279 402 278 402 278 401 277 401 277 400 276 400 276 399 276 398 276 397 276 396 277 396 277 395 277 394 
42 43
184 383 184 382 184 381 184 380 184 379 184 378 184 377 184 376 185 376 185 376 185 375 185 374 185 373 185 372 185 371 184 371 184 370 184 369 184 368 184 367 184 366 185 366 186 366 187 366 187 365 187 364 188 364 188 363 188 362 189 362 189 361 189 362 190 362 191 362 192 362 193 362 194 362 194 361 194 360 194 359 194 358 194 357 194 356 
43 49
194 356 194 355 194 354 194 353 194 352 194 351 193 351 193 350 193 349 193 348 193 347 194 347 194 346 194 345 195 345 196 345 196 344 196 343 196 342 196 341 195 341 196 341 197 341 197 340 197 339 197 338 197 337 198 337 198 336 198 335 198 334 198 333 198 332 198 331 199 331 199 330 199 329 199 328 200 328 201 328 201 327 202 327 203 327 203 326 203 325 203 324 203 323 203 322 203 321 
44 121
275 367 276 368 276 369 276 370 276 371 275 371 274 371 273 371 272 371 271 371 270 371 269 371 269 370 268 370 268 369 267 369 267 368 266 368 265 368 265 367 265 366 265 367 265 368 264 368 263 368 262 368 261 368 260 368 259 368 259 369 258 369 257 369 256 369 256 368 256 367 255 367 254 367 254 366 254 365 254 364 253 364 253 363 252 363 251 363 250 363 249 363 248 363 247 363 246 363 246 364 246 363 245 363 244 363 244 362 243 362 242 362 241 362 240 362 239 362 238 362 237 362 236 362 235 362 235 361 234 361 233 361 232 361 231 361 230 361 229 361 228 361 227 361 226 361 226 360 225 360 224 360 223 360 222 360 221 360 220 360 220 361 219 361 218 361 217 361 216 361 215 361 214 361 213 361 212 361 212 360 212 359 212 358 212 359 212 360 212 361 211 361 210 361 209 361 208 361 207 361 206 361 205 361 204 361 203 361 202 361 201 361 201 362 200 362 199 362 198 362 197 362 196 362 195 362 194 362 194 361 194 360 194 359 194 358 194 357 193 357 194 356 
45 40
277 394 277 393 277 392 277 391 278 391 278 390 278 389 278 388 277 388 277 387 276 387 275 387 275 386 274 386 273 386 273 385 273 384 273 383 273 382 273 381 273 380 273 379 273 378 274 378 274 377 275 377 276 377 277 377 276 377 276 376 276 375 276 374 276 373 276 372 276 371 276 370 276 369 276 368 276 367 275 367 
46 61
275 367 275 366 275 365 275 364 275 363 275 362 276 362 275 362 274 362 274 361 274 360 273 360 273 359 273 358 273 357 273 356 273 355 273 354 273 353 273 352 273 351 273 350 274 350 275 350 276 350 277 350 277 349 277 350 276 350 275 350 274 350 274 349 274 348 273 348 273 347 272 347 272 346 272 345 272 344 273 344 273 343 273 342 273 341 273 340 272 340 272 339 272 338 271 338 271 337 270 337 270 336 269 336 269 335 269 334 269 333 269 332 269 331 270 331 270 330 271 330 271 329 
CtrlSeqSet
47
0 5
120 311 0 104 295 0 102 265 0 96 239 0 108 219 0 
1 5
108 218 0 111 229 0 113 239 0 114 252 0 117 267 0 
2 5
117 267 0 120 276 0 123 289 0 121 301 0 120 310 0 
3 3
351 336 0 353 324 0 355 313 0 
4 5
384 267 0 373 272 0 364 291 0 361 308 0 355 313 0 
5 21
108 218 0 104 183 0 105 145 0 110 115 0 125 89 0 150 71 0 166 48 0 184 27 0 206 22 0 234 31 0 268 26 0 300 37 0 328 46 0 348 69 0 363 81 0 375 106 0 393 131 0 401 164 0 404 202 0 391 232 0 384 267 0 
6 5
384 267 0 380 290 0 374 311 0 364 328 0 351 336 0 
7 22
354 213 0 349 194 0 353 176 0 347 156 0 332 143 0 308 141 0 291 134 0 268 137 0 256 145 0 240 155 0 224 151 0 237 136 0 224 125 0 205 126 0 186 131 0 182 121 0 164 129 0 152 145 0 155 168 0 151 186 0 137 200 0 134 210 0 
8 5
233 208 0 203 206 0 177 204 0 152 205 0 134 210 0 
9 5
354 213 0 323 215 0 306 215 0 289 213 0 259 210 0 
10 4
259 210 0 252 208 0 244 208 0 233 208 0 
11 4
126 252 0 124 256 0 122 260 0 117 267 0 
12 5
226 266 0 197 267 0 175 260 0 151 258 0 126 252 0 
13 5
357 283 0 334 284 0 306 282 0 285 276 0 255 270 0 
14 3
355 313 0 357 294 0 357 283 0 
15 5
259 210 0 258 220 0 257 228 0 257 236 0 256 246 0 
16 4
256 246 0 259 251 0 257 257 0 255 270 0 
17 5
361 263 0 330 256 0 307 247 0 282 246 0 256 246 0 
18 3
357 283 0 359 271 0 361 263 0 
19 5
361 263 0 362 248 0 361 238 0 357 225 0 354 213 0 
20 4
226 267 0 227 263 0 227 256 0 226 247 0 
21 5
226 247 0 231 235 0 231 227 0 232 218 0 233 208 0 
22 5
128 237 0 152 242 0 181 233 0 205 238 0 226 247 0 
23 4
134 210 0 132 217 0 131 225 0 128 238 0 
24 4
128 238 0 126 241 0 125 245 0 126 252 0 
25 5
351 336 0 348 359 0 345 376 0 340 391 0 333 405 0 
26 8
143 401 0 133 389 0 127 378 0 122 366 0 120 351 0 119 335 0 120 319 0 120 311 0 
27 21
146 439 0 137 446 0 129 451 0 122 457 0 115 463 0 108 469 0 101 475 0 94 481 0 87 487 0 81 494 0 74 500 0 68 507 0 61 513 0 56 521 0 51 529 0 47 538 0 41 545 0 32 549 0 24 554 0 16 559 0 1 566 0 
28 5
143 401 0 141 409 0 143 419 0 144 430 0 146 439 0 
29 21
146 439 0 147 448 0 148 457 0 148 467 0 148 477 0 149 486 0 149 496 0 147 504 0 144 511 0 140 515 0 137 522 0 134 529 0 132 537 0 133 546 0 135 552 0 136 559 0 139 564 0 139 572 0 141 580 0 142 589 0 144 598 0 
30 21
336 416 0 329 427 0 320 437 0 312 442 0 305 451 0 298 460 0 290 468 0 283 477 0 275 485 0 267 493 0 258 500 0 249 507 0 239 513 0 229 519 0 220 526 0 212 534 0 210 548 0 211 561 0 213 575 0 211 587 0 213 598 0 
31 4
333 405 0 335 410 0 337 416 0 336 416 0 
32 22
336 416 0 343 426 0 349 436 0 356 446 0 364 456 0 370 463 0 375 471 0 383 476 0 391 481 0 400 485 0 408 490 0 416 495 0 425 499 0 433 504 0 442 508 0 450 513 0 458 518 0 466 523 0 474 528 0 482 533 0 489 539 0 498 545 0 
33 5
255 270 0 258 287 0 264 300 0 271 313 0 272 329 0 
34 7
333 405 0 326 411 0 319 417 0 313 424 0 309 431 0 302 437 0 287 442 0 
35 8
272 329 0 261 333 0 251 339 0 239 339 0 230 337 0 219 333 0 209 327 0 204 325 0 
36 5
204 325 0 206 304 0 213 293 0 221 283 0 226 267 0 
37 8
287 442 0 270 452 0 255 458 0 236 462 0 213 458 0 192 452 0 180 437 0 170 425 0 
38 7
170 425 0 166 421 0 162 417 0 158 413 0 152 411 0 148 407 0 143 401 0 
39 5
170 425 0 176 415 0 181 406 0 189 393 0 194 384 0 
40 5
265 393 0 248 399 0 233 398 0 209 393 0 194 384 0 
41 5
287 442 0 282 430 0 278 418 0 270 404 0 265 393 0 
42 5
194 384 0 189 376 0 187 369 0 189 361 0 195 359 0 
43 4
195 359 0 196 343 0 199 331 0 204 325 0 
44 5
275 372 0 258 369 0 237 362 0 212 359 0 195 359 0 
45 4
265 393 0 276 387 0 281 380 0 275 372 0 
46 5
275 372 0 273 356 0 274 350 0 272 339 0 272 329 0 
IfSplit
30
1 1 1 1 1 1 1 1 1 1 1 1 1 1 1 1 1 1 1 1 1 1 1 1 1 1 1 1 1 1 
jpt
30
108 218 0 120 311 0 117 267 0 351 336 0 355 313 0 384 267 0 134 210 0 354 213 0 233 208 0 259 210 0 126 252 0 226 267 0 255 270 0 357 283 0 256 246 0 361 263 0 226 247 0 128 238 0 333 405 0 143 401 0 146 439 0 336 416 0 272 329 0 287 442 0 204 325 0 170 425 0 194 384 0 265 393 0 195 359 0 275 372 0 
Seqid
30
142 13 66 967 38 859 705 132 173 140 56 345 76 45 45 19 29 36 81 327 47 31 80 87 108 184 61 64 42 39 
splineid
30
0 3
0 1 5 
1 3
0 2 26 
2 3
1 2 11 
3 3
3 6 25 
4 3
3 4 14 
5 3
4 5 6 
6 3
7 8 23 
7 3
7 9 19 
8 3
8 10 21 
9 3
9 10 15 
10 3
11 12 24 
11 3
12 20 36 
12 3
13 16 33 
13 3
13 14 18 
14 3
15 16 17 
15 3
17 18 19 
16 3
20 21 22 
17 3
22 23 24 
18 3
25 31 34 
19 3
26 28 38 
20 3
27 28 29 
21 3
30 31 32 
22 3
33 35 46 
23 3
34 37 41 
24 3
35 36 43 
25 3
37 38 39 
26 3
39 40 42 
27 3
40 41 45 
28 3
42 43 44 
29 3
44 45 46 
