CircularSet
30
0 0 0 0 0 0 0 0 0 0 0 0 0 0 0 0 0 0 0 0 0 0 0 0 0 0 0 0 0 0 
ParaSet
30
0.25 0.25 0.25 0.25 0.35 0.25 0.25 0.25 0.25 0.45 0.25 0.25 0.25 0.25 0.25 0.25 0.15 0.25 0.25 0.25 0.28 0.45 0.25 0.08 0.35 0.08 0.35 0.45 0.15 0.08 
SeqSet
30
0 206
73 297 73 298 73 299 73 300 73 301 73 302 74 302 75 302 76 302 76 301 76 300 77 300 78 300 79 300 80 300 81 300 82 300 83 300 84 300 85 300 86 300 86 299 86 298 87 298 88 298 88 299 89 299 90 299 91 299 91 300 92 300 93 300 94 300 94 299 94 298 94 297 94 296 94 295 94 294 94 293 95 293 95 292 96 292 97 292 97 291 97 290 97 289 98 289 98 288 99 288 100 288 101 288 101 289 102 289 102 290 103 290 104 290 105 290 106 290 107 290 108 290 109 290 109 289 110 289 110 288 110 287 111 287 111 286 111 285 112 285 113 285 113 286 114 286 114 287 115 287 116 287 117 287 118 287 119 287 120 287 121 287 122 287 122 286 123 286 123 285 123 284 124 284 125 284 126 284 127 284 128 284 129 284 129 283 129 282 130 282 130 281 130 280 131 280 131 279 132 279 133 279 133 278 134 278 134 277 135 277 135 276 136 276 137 276 138 276 139 276 140 276 141 276 141 275 141 274 142 274 143 274 143 273 144 273 144 272 145 272 146 272 147 272 148 272 148 271 149 271 149 270 149 269 149 268 149 267 149 266 149 265 150 265 151 265 152 265 153 265 154 265 155 265 156 265 157 265 158 265 158 264 159 264 159 263 159 262 159 261 160 261 160 260 160 259 161 259 162 259 161 259 161 258 161 257 161 256 161 255 161 254 161 253 161 252 161 251 161 250 162 250 163 250 164 250 164 249 165 249 166 249 167 249 168 249 169 249 170 249 171 249 172 249 173 249 174 249 175 249 175 248 176 248 176 247 177 247 178 247 178 246 178 245 178 244 178 243 178 242 178 241 178 240 178 239 178 238 178 237 178 236 178 235 178 234 178 233 178 232 178 231 178 230 178 229 177 229 177 228 176 228 176 227 176 226 175 226 175 225 174 225 
1 202
142 428 142 427 142 426 142 425 141 425 141 424 141 423 140 423 140 422 139 422 138 422 137 422 136 422 135 422 134 422 134 421 134 420 133 420 133 419 132 419 132 418 131 418 130 418 129 418 128 418 127 418 126 418 126 417 126 416 125 416 125 415 125 414 124 414 124 413 123 413 122 413 121 413 121 412 120 412 120 411 120 410 119 410 119 409 118 409 118 408 118 407 117 407 117 406 117 405 116 405 116 404 116 403 115 403 115 402 114 402 114 401 114 400 113 400 113 399 112 399 112 398 111 398 111 397 110 397 110 396 109 396 109 395 109 394 108 394 108 393 108 392 107 392 107 391 106 391 106 390 106 389 106 388 105 388 105 387 104 387 104 386 104 385 103 385 103 384 102 384 102 383 102 382 101 382 101 381 100 381 100 380 100 379 99 379 99 378 99 377 99 376 98 376 98 375 98 374 98 373 97 373 97 372 97 371 96 371 96 370 96 369 96 368 95 368 95 367 95 366 94 366 94 365 94 364 94 363 94 362 93 362 93 361 93 360 93 359 92 359 92 358 92 357 91 357 91 356 91 355 90 355 90 354 90 353 89 353 89 352 89 351 89 350 88 350 88 349 88 348 88 347 88 346 87 346 87 345 87 344 87 343 87 342 87 341 86 341 86 340 86 339 85 339 85 338 85 337 84 337 84 336 84 335 83 335 83 334 83 333 83 332 82 332 82 331 82 330 82 329 81 329 81 328 81 327 80 327 80 326 80 325 80 324 80 323 79 323 79 322 79 321 79 320 79 319 79 318 79 317 78 317 78 316 78 315 78 314 78 313 78 312 77 312 77 311 77 310 76 310 76 309 76 308 75 308 75 307 75 306 74 306 74 305 74 304 73 304 73 303 73 302 73 301 73 300 73 299 73 298 73 297 73 297 
2 130
214 436 217 438 216 438 215 438 214 438 213 438 213 437 213 436 213 435 212 435 211 435 211 434 210 434 210 433 209 433 208 433 207 433 206 433 205 433 204 433 203 433 203 432 202 432 201 432 200 432 199 432 198 432 198 431 197 431 197 430 196 430 195 430 195 429 194 429 193 429 192 429 192 430 191 430 190 430 189 430 188 430 188 429 187 429 186 429 185 429 185 428 185 427 185 426 184 426 184 425 183 425 183 424 183 423 183 422 182 422 182 421 182 420 183 420 183 420 182 420 181 420 180 420 179 420 178 420 178 419 177 419 176 419 175 419 174 419 173 419 173 418 172 418 172 417 172 416 171 416 171 415 170 415 169 415 168 415 167 415 166 415 165 415 165 414 164 414 164 413 163 413 162 413 161 413 160 413 160 414 159 414 158 414 157 414 156 414 155 414 154 414 153 414 152 414 151 414 150 414 150 415 150 416 149 416 149 417 149 418 148 418 147 418 146 418 145 418 144 418 143 418 142 418 141 418 140 418 140 419 139 419 139 420 139 421 138 421 138 422 137 422 137 423 137 424 137 425 137 426 137 427 137 428 137 429 136 429 135 429 
3 156
316 421 316 420 316 419 315 419 314 419 313 419 313 418 312 418 312 417 312 416 311 416 310 416 311 416 312 416 312 417 312 418 311 418 310 418 310 419 309 419 308 419 307 419 306 419 306 420 305 420 304 420 303 420 303 421 302 421 301 421 301 422 300 422 299 422 298 422 297 422 296 422 295 422 294 422 294 423 294 422 294 421 293 421 292 421 292 420 291 420 290 420 289 420 288 420 288 419 287 419 286 419 285 419 284 419 284 420 283 420 282 420 281 420 281 421 281 422 280 422 279 422 278 422 277 422 276 422 275 422 275 423 275 424 274 424 273 424 272 424 271 424 271 425 271 424 270 424 269 424 268 424 267 424 266 424 265 424 264 424 263 424 262 424 261 424 261 425 260 425 259 425 259 424 258 424 257 424 257 423 256 423 255 423 255 422 254 422 253 422 252 422 252 421 251 421 250 421 250 420 249 420 248 420 247 420 247 421 246 421 245 421 244 421 243 421 243 422 242 422 242 423 241 423 241 424 240 424 239 424 238 424 237 424 237 425 236 425 235 425 234 425 233 425 232 425 231 425 230 425 230 426 229 426 228 426 228 425 227 425 227 424 226 424 225 424 224 424 223 424 222 424 221 424 221 425 221 426 220 426 220 427 219 427 219 428 219 429 219 430 218 430 218 431 217 431 217 432 216 432 216 433 215 433 215 434 214 434 214 435 214 436 
4 119
402 419 400 420 399 420 398 420 397 420 396 420 395 420 395 421 394 421 394 422 393 422 393 423 392 423 391 423 390 423 390 424 389 424 388 424 387 424 386 424 386 423 385 423 384 423 383 423 383 422 382 422 381 422 380 422 380 423 379 423 378 423 377 423 376 423 375 423 375 422 374 422 373 422 372 422 372 421 371 421 370 421 369 421 369 420 368 420 368 419 367 419 366 419 366 418 365 418 364 418 364 419 364 420 364 420 364 419 363 419 362 419 361 419 361 420 360 420 359 420 359 421 358 421 357 421 356 421 355 421 354 421 353 421 352 421 351 421 350 421 349 421 348 421 347 421 347 420 346 420 346 419 345 419 345 418 344 418 344 417 344 416 343 416 343 415 342 415 341 415 340 415 339 415 338 415 337 415 336 415 335 415 334 415 333 415 332 415 331 415 330 415 330 416 330 417 330 418 329 418 328 418 327 418 326 418 325 418 324 418 323 418 322 418 322 419 322 420 322 421 321 421 320 421 319 421 318 421 317 421 316 421 315 421 314 421 316 421 
5 177
45 158 46 158 46 159 46 160 46 161 46 162 47 162 47 163 47 164 47 165 48 165 48 166 48 167 48 168 49 168 49 169 49 170 49 171 50 171 50 172 50 173 50 174 50 175 51 175 51 176 51 177 51 178 51 179 52 179 52 180 52 181 52 182 52 183 53 183 53 184 53 185 53 186 54 186 54 187 54 188 54 189 55 189 55 190 55 191 55 192 55 193 55 194 55 195 55 196 55 197 55 198 55 199 55 200 56 200 56 201 56 202 56 203 56 204 57 204 57 205 57 206 57 207 58 207 58 208 58 209 58 210 58 211 58 212 58 213 57 213 58 213 58 214 58 215 58 216 58 217 58 218 58 219 58 220 58 221 59 221 59 222 59 223 59 224 59 225 60 225 60 226 60 227 60 228 60 229 60 230 60 231 60 232 61 232 61 233 61 234 61 235 61 236 61 237 62 237 62 238 62 239 62 240 62 241 62 242 62 243 62 244 63 244 63 245 63 246 63 247 63 248 64 248 64 249 64 250 64 251 64 252 64 253 64 254 64 255 64 256 64 257 64 258 64 259 64 260 64 261 64 262 64 263 65 263 65 264 65 265 65 266 65 267 65 268 66 268 66 269 66 270 67 270 67 271 67 272 68 272 68 273 68 274 68 275 68 276 68 277 68 278 68 279 68 280 69 280 69 281 69 282 69 283 69 284 69 285 69 286 70 286 70 287 70 288 70 289 71 289 71 290 71 291 71 292 72 292 72 293 72 294 72 295 72 296 73 296 73 297 73 298 73 299 73 300 73 301 73 302 73 303 72 297 
6 162
115 85 117 84 117 85 116 85 115 85 114 85 114 84 114 83 113 83 113 82 113 81 112 81 111 81 110 81 110 82 109 82 109 83 108 83 108 84 108 85 107 85 107 86 107 87 107 88 107 89 107 90 107 91 106 91 105 91 105 92 105 93 105 94 104 94 103 94 103 95 102 95 101 95 101 96 101 97 100 97 99 97 98 97 97 97 96 97 95 97 95 98 94 98 94 99 93 99 93 100 92 100 92 101 92 102 91 102 90 102 90 103 90 104 90 105 90 106 90 107 90 108 90 109 90 109 90 110 90 111 89 111 88 111 87 111 87 112 87 113 86 113 85 113 85 114 84 114 83 114 82 114 81 114 80 114 79 114 78 114 78 115 77 115 77 116 76 116 75 116 75 117 74 117 73 117 72 117 72 118 71 118 70 118 69 118 69 119 68 119 67 119 66 119 66 118 66 117 65 117 64 117 64 118 63 118 63 119 63 120 62 120 62 121 62 122 61 122 61 123 61 124 60 124 60 125 59 125 59 126 58 126 58 127 57 127 57 128 56 128 56 129 55 129 55 130 54 130 54 131 54 132 53 132 53 133 52 133 52 134 52 135 51 135 51 136 50 136 50 137 50 138 50 139 49 139 49 140 49 141 48 141 48 142 48 143 48 144 48 145 47 145 47 146 47 147 47 148 47 149 46 149 45 149 45 150 45 151 45 152 45 153 45 154 45 155 45 156 45 157 45 158 45 158 
7 200
174 225 174 224 173 224 173 223 172 223 172 222 171 222 171 221 170 221 170 220 169 220 169 219 168 219 168 218 167 218 167 217 166 217 166 216 165 216 165 215 164 215 164 214 163 214 163 213 162 213 162 212 162 211 161 211 161 210 161 209 161 208 161 207 160 207 160 206 160 205 159 205 159 204 159 203 159 202 158 202 158 201 158 200 157 200 157 199 156 199 156 198 156 197 155 197 155 196 155 195 154 195 154 194 154 193 153 193 153 192 153 191 153 190 153 189 153 188 152 188 152 187 152 186 152 185 152 184 151 184 151 183 151 182 151 181 151 180 150 180 150 179 150 178 150 177 149 177 149 176 149 175 148 175 148 174 148 173 148 172 147 172 147 171 147 170 146 170 146 169 146 168 146 167 146 166 146 165 146 164 146 163 146 162 146 161 145 161 145 160 145 159 145 158 145 157 145 156 144 156 144 155 144 154 144 153 143 153 143 152 143 151 143 150 142 150 142 149 142 148 142 147 141 147 141 146 141 145 141 144 141 143 141 142 141 141 141 140 141 139 140 139 140 138 140 137 140 136 140 135 140 134 139 134 139 133 139 132 139 131 138 131 138 130 138 129 138 128 137 128 137 127 137 126 137 125 136 125 136 124 136 123 135 123 135 122 135 121 135 120 134 120 134 119 134 118 134 117 133 117 133 116 133 115 132 115 132 114 132 113 131 113 131 112 131 111 131 110 130 110 130 109 130 108 129 108 129 107 129 106 129 105 128 105 128 104 128 103 128 102 127 102 127 101 127 100 126 100 126 99 126 98 125 98 125 97 124 97 124 96 124 95 123 95 123 94 122 94 122 93 121 93 121 92 120 92 120 91 119 91 119 90 118 90 118 89 117 89 117 88 116 88 116 87 115 87 115 86 115 85 
8 107
349 490 349 489 348 489 347 489 347 488 347 487 346 487 346 486 345 486 345 485 345 484 344 484 344 483 344 482 343 482 343 481 343 480 343 479 343 478 343 477 343 476 342 476 341 476 340 476 339 476 339 475 339 474 338 474 338 473 338 472 338 471 338 470 338 469 338 468 338 467 338 466 339 466 339 465 339 464 339 463 339 462 339 461 339 460 339 459 339 458 339 457 340 457 340 456 340 455 340 454 339 454 339 453 338 453 337 453 336 453 336 452 335 452 335 451 335 450 335 449 335 448 335 447 334 447 334 446 333 446 333 445 333 444 332 444 332 443 332 442 331 442 331 441 330 441 330 440 329 440 329 439 329 438 329 437 329 436 329 435 328 435 328 434 328 433 328 432 328 431 328 430 327 430 327 429 326 429 325 429 325 428 324 428 323 428 323 427 323 426 323 425 322 425 322 424 322 423 321 423 321 422 321 421 320 421 319 421 318 421 317 421 316 421 
9 48
375 496 376 497 376 498 375 498 374 498 374 497 374 496 373 496 372 496 371 496 371 495 371 494 371 493 370 493 369 493 368 493 367 493 366 493 366 494 365 494 364 494 364 493 364 492 364 491 364 491 364 492 364 493 364 494 363 494 362 494 361 494 360 494 360 493 359 493 359 492 358 492 358 491 357 491 356 491 355 491 354 491 354 490 353 490 352 490 351 490 350 490 349 490 349 490 
10 107
402 419 401 419 401 420 400 420 400 421 400 422 399 422 399 423 399 424 398 424 398 425 398 426 398 427 397 427 397 428 397 429 397 430 397 431 396 431 396 432 396 433 396 434 395 434 395 435 395 436 395 437 394 437 394 438 394 439 394 440 393 440 393 441 393 442 393 443 393 444 393 445 394 445 394 446 394 447 394 448 394 449 394 450 394 451 394 452 394 453 394 454 394 455 394 456 394 457 394 458 394 459 394 460 394 461 394 462 394 463 394 464 394 465 394 466 394 467 394 468 394 469 394 470 394 471 394 472 394 473 393 473 393 474 393 475 393 476 393 477 392 477 392 478 392 479 391 479 391 480 391 481 390 481 390 482 390 483 389 483 389 484 389 485 388 485 388 486 388 487 387 487 387 488 386 488 386 489 386 490 385 490 384 490 384 491 383 491 383 492 382 492 381 492 380 492 379 492 378 492 377 492 376 492 375 492 375 493 375 494 375 495 375 496 
11 85
161 491 160 491 160 490 159 490 159 489 159 488 159 487 160 487 160 486 160 485 160 484 160 483 159 483 158 483 157 483 157 482 157 481 157 480 156 480 156 479 156 478 156 477 156 476 155 476 155 475 155 474 155 473 155 472 154 472 154 471 153 471 153 470 153 469 152 469 152 468 152 467 152 466 152 465 152 464 152 463 152 462 152 461 152 460 151 460 151 459 151 458 151 457 151 456 151 455 151 454 150 454 149 454 148 454 148 453 148 452 147 452 147 451 147 450 147 449 147 448 146 448 146 447 146 446 146 445 146 444 146 443 146 442 146 441 146 440 146 439 146 438 146 437 146 436 145 436 145 435 145 434 144 434 144 433 144 432 144 431 144 430 144 429 143 429 143 428 142 428 
12 36
190 498 188 498 187 498 186 498 185 498 184 498 183 498 182 498 181 498 180 498 180 498 179 498 178 498 177 498 176 498 176 499 175 499 174 499 174 498 173 498 173 497 172 497 171 497 170 497 169 497 168 497 167 497 167 496 166 496 166 495 165 495 165 494 164 494 164 493 164 492 161 491 
13 87
214 436 213 436 213 437 213 438 212 438 212 439 212 440 212 441 212 442 212 443 212 444 212 445 211 445 211 446 211 447 211 448 210 448 210 449 210 450 210 451 210 452 209 452 209 453 209 454 209 455 208 455 208 456 208 457 208 458 208 459 208 460 207 460 207 461 207 462 206 462 205 462 205 463 204 463 204 464 204 465 203 465 203 466 203 467 203 468 202 468 202 469 202 470 202 471 201 471 201 472 201 473 201 474 200 474 200 475 200 476 199 476 199 477 199 478 198 478 198 479 198 480 197 480 197 481 197 482 197 483 196 483 196 484 196 485 196 486 195 486 195 487 195 488 194 488 194 489 193 489 192 489 191 489 191 490 190 490 190 491 190 492 190 493 190 494 190 495 190 496 190 497 190 498 
14 82
178 542 182 544 182 545 182 546 183 546 183 547 183 548 183 549 183 550 182 550 182 551 182 552 182 553 182 554 182 555 182 556 182 557 182 558 182 559 182 560 182 561 183 561 184 561 184 562 184 563 184 564 183 564 183 565 183 566 183 567 183 568 182 568 182 569 182 570 182 571 181 571 182 571 182 572 182 573 182 574 182 575 182 576 182 577 182 578 182 579 182 580 181 580 181 581 181 582 180 582 180 583 180 584 181 584 181 585 182 585 182 586 182 587 182 588 182 589 182 590 182 591 182 592 182 593 182 594 182 595 182 596 182 597 182 598 182 599 182 600 182 601 182 602 182 603 182 604 183 604 183 605 183 606 183 607 183 608 183 609 183 610 183 611 
15 61
190 498 190 499 191 499 191 500 191 501 190 501 190 502 189 502 189 503 189 504 189 505 189 506 189 507 189 508 189 509 189 510 189 511 189 512 189 513 189 514 189 515 189 516 188 516 188 517 188 518 188 519 188 520 188 521 188 522 188 523 187 523 187 524 187 525 188 525 188 526 188 527 188 528 187 528 187 529 187 530 187 531 186 531 186 532 185 532 185 533 185 534 185 535 185 536 185 537 185 538 184 538 184 539 183 539 182 539 181 539 181 540 180 540 179 540 178 540 178 541 178 542 
16 155
178 542 177 542 177 543 177 544 177 545 177 546 176 546 176 547 175 547 175 548 175 549 174 549 174 550 174 551 174 552 173 552 172 552 172 553 171 553 170 553 169 553 169 554 168 554 167 554 166 554 165 554 164 554 164 553 163 553 162 553 161 553 160 553 159 553 158 553 157 553 156 553 155 553 154 553 153 553 152 553 151 553 151 554 150 554 149 554 148 554 147 554 146 554 145 554 144 554 143 554 143 555 143 556 143 555 143 554 142 554 141 554 140 554 140 553 139 553 139 552 139 551 138 551 138 550 138 549 138 548 139 548 139 547 139 546 139 545 140 545 140 544 141 544 141 543 142 543 142 542 143 542 143 541 144 541 144 540 145 540 146 540 147 540 147 539 147 538 147 537 146 537 146 536 146 535 146 534 147 534 147 533 147 532 147 531 148 531 148 530 149 530 149 529 149 528 148 528 149 528 150 528 151 528 151 527 152 527 153 527 154 527 154 526 155 526 155 525 155 524 156 524 156 523 157 523 158 523 159 523 159 522 159 521 159 520 159 519 159 518 159 517 159 516 159 515 159 514 158 514 158 513 159 513 160 513 161 513 161 512 161 511 161 510 161 509 161 508 162 508 162 507 162 506 162 505 162 504 163 504 163 503 163 502 163 501 163 500 163 499 163 498 163 497 162 497 162 496 162 495 162 494 161 494 161 493 161 492 161 491 
17 80
326 549 325 549 326 549 326 550 326 551 326 552 326 553 326 554 325 554 324 554 324 555 324 556 324 557 324 558 324 559 324 560 324 561 324 562 323 562 323 563 323 564 323 565 324 565 324 566 324 567 324 568 324 569 324 570 324 571 324 572 324 573 324 574 324 575 323 575 323 576 323 577 323 578 324 578 324 579 324 580 325 580 325 581 325 582 325 583 324 583 324 584 324 585 324 586 325 586 325 587 325 588 324 588 324 589 324 590 324 591 324 592 324 593 324 594 323 594 323 595 323 596 323 597 323 598 324 598 323 598 322 598 322 599 322 600 322 601 322 602 322 603 322 604 322 605 322 606 322 607 322 608 322 609 322 610 322 611 322 612 
18 119
375 496 374 496 374 497 374 498 375 498 375 499 375 500 374 500 374 501 373 501 373 502 373 503 373 504 374 504 374 505 375 505 375 506 375 507 375 508 375 509 375 510 374 510 374 511 374 512 374 513 374 514 374 515 374 516 373 516 373 517 373 518 372 518 372 519 372 520 372 521 372 522 372 523 372 524 372 525 371 525 371 526 371 527 371 528 371 529 371 530 371 531 371 532 371 533 371 534 371 535 371 536 371 537 371 538 371 539 370 539 370 540 369 540 369 541 368 541 367 541 367 542 366 542 366 543 366 544 366 545 366 546 366 547 366 548 366 549 365 549 365 550 364 550 364 551 363 551 362 551 362 552 361 552 360 552 359 552 359 553 358 553 357 553 356 553 355 553 354 553 353 553 352 553 351 553 350 553 349 553 348 553 347 553 346 553 345 553 344 553 343 553 342 553 341 553 340 553 340 554 339 554 338 554 337 554 336 554 335 554 334 554 333 554 332 554 331 554 330 554 329 554 329 553 329 552 328 552 327 552 327 551 326 551 326 550 326 549 
19 103
326 549 326 548 326 547 326 546 327 546 327 545 327 544 328 544 328 543 328 542 329 542 329 541 330 541 331 541 331 540 331 539 332 539 333 539 334 539 334 538 335 538 335 537 336 537 336 536 336 535 336 534 335 534 334 534 333 534 332 534 331 534 331 533 331 534 332 534 333 534 334 534 335 534 336 534 336 533 337 533 337 532 337 531 338 531 338 530 339 530 340 530 341 530 341 529 342 529 342 528 342 527 343 527 344 527 344 526 344 525 344 524 345 524 345 523 345 522 346 522 346 521 346 520 346 519 346 518 346 517 346 516 347 516 347 515 347 514 347 513 347 512 348 512 348 511 348 510 349 510 349 509 349 508 349 507 349 506 350 506 350 505 350 504 350 503 350 502 351 502 351 501 351 500 351 499 351 498 350 498 349 498 350 498 351 498 351 497 351 496 351 495 351 494 351 493 351 492 350 492 350 491 350 490 349 490 
20 74
99 72 99 71 99 70 99 69 99 68 99 67 100 67 100 66 100 65 100 64 100 63 100 62 100 61 100 60 100 59 100 58 100 57 100 56 100 55 100 54 100 53 100 52 100 51 100 50 100 49 100 48 100 47 100 46 100 45 100 44 100 43 100 42 100 41 100 40 100 39 100 38 100 37 100 36 100 35 100 34 100 33 100 32 100 31 100 30 100 29 100 28 100 27 100 26 100 25 100 24 100 23 100 22 100 21 100 20 100 19 100 18 100 17 100 16 100 15 100 14 100 13 100 12 100 11 100 10 100 9 100 8 100 7 100 6 100 5 100 4 100 3 100 2 100 1 100 0 
21 30
115 85 114 85 114 84 114 83 113 83 113 82 113 81 112 81 112 80 111 80 111 79 110 79 110 78 109 78 109 77 108 77 108 76 107 76 106 76 106 75 105 75 105 74 104 74 103 74 102 74 102 73 101 73 100 73 100 72 99 72 
22 65
404 271 405 271 405 272 405 273 406 273 407 273 407 272 407 271 407 270 408 270 409 270 410 270 411 270 412 270 413 270 413 269 413 268 413 267 414 267 415 267 416 267 417 267 418 267 419 267 420 267 421 267 422 267 423 267 424 267 425 267 426 267 427 267 428 267 429 267 430 267 431 267 432 267 433 267 434 267 435 267 436 267 437 267 438 267 439 267 440 267 441 267 442 267 443 267 443 266 444 266 445 266 446 266 447 266 448 266 449 266 450 266 451 266 452 266 453 266 454 266 455 266 456 266 457 266 458 266 459 266 
23 290
171 226 172 226 172 225 173 225 174 225 175 225 175 226 176 226 176 227 176 228 177 228 177 229 178 229 178 230 178 231 179 231 180 231 180 232 181 232 182 232 182 233 183 233 184 233 185 233 185 234 186 234 187 234 187 235 188 235 189 235 190 235 190 236 191 236 192 236 192 237 193 237 194 237 195 237 195 238 196 238 197 238 197 239 198 239 199 239 200 239 201 239 202 239 203 239 204 239 205 239 205 240 206 240 207 240 207 241 208 241 209 241 210 241 210 242 211 242 212 242 213 242 214 242 215 242 216 242 216 243 217 243 218 243 219 243 220 243 221 243 222 243 223 243 224 243 225 243 226 243 227 243 228 243 229 243 230 243 231 243 232 243 233 243 233 244 234 244 235 244 236 244 237 244 238 244 239 244 240 244 241 244 242 244 243 244 244 244 245 244 246 244 247 244 248 244 248 243 249 243 250 243 251 243 252 243 253 243 254 243 255 243 256 243 257 243 258 243 258 244 258 245 258 246 258 246 258 245 258 244 259 244 260 244 261 244 262 244 263 244 264 244 265 244 266 244 267 244 268 244 269 244 270 244 271 244 272 244 272 243 273 243 274 243 275 243 276 243 277 243 278 243 279 243 280 243 281 243 281 244 282 244 283 244 284 244 285 244 286 244 287 244 288 244 289 244 290 244 291 244 292 244 293 244 294 244 295 244 296 244 297 244 298 244 299 244 300 244 301 244 302 244 303 244 304 244 305 244 306 244 307 244 308 244 309 244 310 244 310 245 311 245 312 245 313 245 314 245 315 245 316 245 317 245 318 245 319 245 320 245 321 245 322 245 323 245 324 245 325 245 326 245 327 245 328 245 329 245 330 245 330 246 331 246 332 246 333 246 334 246 335 246 335 247 336 247 337 247 338 247 339 247 340 247 341 247 342 247 343 247 344 247 345 247 346 247 347 247 348 247 348 248 349 248 350 248 351 248 352 248 353 248 354 248 354 249 355 249 356 249 357 249 357 250 358 250 359 250 359 251 360 251 360 252 361 252 362 252 363 252 364 252 365 252 366 252 367 252 367 253 368 253 369 253 370 253 370 254 371 254 372 254 373 254 373 255 374 255 375 255 375 256 376 256 377 256 377 257 378 257 378 258 379 258 379 259 380 259 381 259 381 260 382 260 383 260 384 260 385 260 385 261 386 261 387 261 388 261 388 262 389 262 390 262 391 262 391 263 392 263 393 263 393 264 394 264 395 264 395 265 396 265 396 266 397 266 397 267 398 267 398 268 399 268 399 269 400 269 400 270 401 270 402 270 402 271 403 271 404 271 
24 42
427 399 426 399 427 399 427 398 428 398 428 397 429 397 429 396 429 395 430 395 431 395 431 396 432 396 433 396 434 396 435 396 436 396 437 396 437 397 437 398 438 398 439 398 440 398 441 398 442 398 443 398 444 398 445 398 446 398 447 398 448 398 449 398 450 398 451 398 452 398 453 398 454 398 455 398 456 398 457 398 458 398 459 398 
25 186
404 271 404 272 405 272 405 273 406 273 406 274 407 274 407 275 408 275 408 276 409 276 409 277 410 277 410 278 411 278 411 279 412 279 412 280 413 280 413 281 414 281 415 281 415 282 416 282 416 283 416 284 417 284 417 285 418 285 418 286 419 286 419 287 419 288 420 288 420 289 421 289 421 290 421 291 422 291 422 292 423 292 423 293 423 294 423 295 424 295 424 296 424 297 425 297 425 298 425 299 426 299 426 300 426 301 427 301 427 302 427 303 428 303 428 304 428 305 428 306 428 307 429 307 429 308 430 308 430 309 431 309 431 310 432 310 432 311 433 311 434 311 434 312 435 312 435 313 436 313 436 314 437 314 437 315 437 316 438 316 438 317 439 317 439 318 439 319 440 319 440 320 440 321 441 321 441 322 441 323 441 324 441 325 441 326 441 327 441 328 441 329 441 330 442 330 442 331 442 332 442 333 442 334 443 334 443 335 443 336 443 337 443 338 443 339 444 339 444 340 444 341 444 342 444 343 444 344 444 345 444 346 444 347 444 348 444 349 444 350 443 350 443 351 443 352 443 353 442 353 442 354 442 355 441 355 441 356 441 357 441 358 440 358 440 359 440 360 440 361 440 362 440 363 440 364 440 365 440 366 440 367 440 368 439 368 439 369 439 370 439 371 439 372 438 372 438 373 438 374 437 374 437 375 437 376 436 376 436 377 436 378 435 378 435 379 435 380 434 380 434 381 434 382 434 383 433 383 433 384 433 385 433 386 432 386 432 387 432 388 432 389 431 389 431 390 431 391 431 392 430 392 430 393 430 394 430 395 429 395 429 396 429 397 428 397 428 398 427 398 427 399 
26 58
427 399 427 400 426 400 426 401 425 401 425 402 424 402 424 403 423 403 423 404 422 404 422 405 422 406 421 406 421 407 420 407 420 408 419 408 418 408 418 409 417 409 417 410 416 410 415 410 415 411 414 411 413 411 412 411 411 411 411 412 410 412 409 412 409 413 409 414 408 414 409 414 409 413 409 412 408 412 408 411 408 410 407 410 407 409 406 409 405 409 404 409 404 410 404 411 404 412 404 413 403 413 403 414 403 415 403 416 403 417 402 417 402 418 402 419 
27 15
16 118 13 117 12 117 11 117 10 117 9 117 8 117 7 117 6 117 5 117 4 117 3 117 2 117 1 117 0 117 
28 162
99 72 98 72 98 71 97 71 96 71 96 70 95 70 94 70 94 69 93 69 92 69 92 68 91 68 91 67 90 67 89 67 89 66 88 66 87 66 86 66 85 66 84 66 84 65 83 65 82 65 81 65 80 65 79 65 78 65 78 64 77 64 77 63 76 63 75 63 75 62 74 62 74 61 73 61 73 60 72 60 71 60 70 60 70 61 69 61 68 61 67 61 67 60 66 60 65 60 64 60 63 60 63 61 62 61 62 62 62 63 62 64 62 65 62 66 61 66 61 67 60 67 59 67 59 68 58 68 57 68 57 69 56 69 55 69 54 69 54 70 53 70 52 70 51 70 51 71 50 71 49 71 48 71 48 72 47 72 46 72 46 73 45 73 45 74 44 74 43 74 43 75 42 75 42 76 41 76 41 77 40 77 40 78 39 78 38 78 38 79 38 80 37 80 37 81 37 82 36 82 36 83 36 84 35 84 35 85 35 86 35 87 34 87 34 88 34 89 34 90 33 90 33 91 33 92 33 93 33 94 32 94 32 95 32 96 32 97 32 98 32 99 33 99 32 99 32 100 32 101 32 102 33 102 33 103 33 104 33 105 33 106 34 106 34 107 34 108 33 108 33 109 32 109 31 109 31 110 30 110 29 110 29 111 28 111 27 111 27 112 26 112 25 112 24 112 24 113 23 113 22 113 22 114 21 114 20 114 20 115 19 115 18 115 18 116 17 116 17 117 16 117 16 118 
29 76
16 118 16 119 15 119 15 120 15 121 15 122 15 123 15 124 15 125 15 126 15 127 15 128 15 129 14 129 14 130 14 131 14 132 15 132 15 133 15 134 15 135 16 135 17 135 18 135 19 135 20 135 20 136 21 136 21 137 21 138 21 139 20 139 20 140 20 141 20 142 20 143 20 144 21 144 21 145 22 145 22 146 23 146 24 146 25 146 25 147 26 147 27 147 28 147 29 147 30 147 31 147 32 147 33 147 34 147 35 147 36 147 37 147 38 147 39 147 39 148 40 148 41 148 42 148 43 148 43 149 44 149 45 149 45 150 45 151 45 152 45 153 45 154 45 155 45 156 45 157 45 158 
CtrlSeqSet
30
0 5
72 298 0 101 288 0 134 278 0 161 256 0 172 225 0 
1 5
144 431 0 116 404 0 97 373 0 84 336 0 72 298 0 
2 5
216 433 0 195 429 0 178 419 0 153 414 0 144 431 0 
3 5
316 419 0 305 419 0 265 424 0 237 425 0 216 433 0 
4 4
400 421 0 369 421 0 343 415 0 316 419 0 
5 5
47 157 0 55 192 0 60 229 0 65 268 0 72 298 0 
6 5
117 86 0 99 97 0 78 115 0 56 129 0 47 157 0 
7 5
172 225 0 154 195 0 144 155 0 133 116 0 117 86 0 
8 5
350 492 0 339 474 0 338 453 0 324 431 0 316 419 0 
9 3
378 496 0 364 493 0 350 492 0 
10 5
400 421 0 394 437 0 394 461 0 390 483 0 378 496 0 
11 5
161 491 0 156 477 0 152 460 0 146 445 0 144 431 0 
12 4
195 496 0 180 498 0 174 498 0 161 491 0 
13 5
216 433 0 209 452 0 203 467 0 197 482 0 195 496 0 
14 5
180 542 0 182 561 0 182 575 0 182 591 0 184 614 0 
15 5
195 496 0 189 510 0 187 523 0 185 534 0 180 542 0 
16 8
180 542 0 167 554 0 140 554 0 144 543 0 148 532 0 159 522 0 162 504 0 161 491 0 
17 5
324 551 0 323 564 0 325 580 0 323 596 0 322 612 0 
18 5
378 496 0 373 517 0 367 549 0 344 555 0 324 551 0 
19 5
324 551 0 336 534 0 345 528 0 349 509 0 350 492 0 
20 5
96 68 0 100 53 0 100 33 0 100 13 0 102 -2 0 
21 3
117 86 0 106 74 0 96 68 0 
22 5
404 275 0 413 268 0 428 267 0 443 266 0 463 267 0 
23 14
172 225 0 185 233 0 202 239 0 221 243 0 243 244 0 259 244 0 282 244 0 303 244 0 325 245 0 346 247 0 364 252 0 380 259 0 396 266 0 404 275 0 
24 4
429 395 0 434 396 0 446 398 0 460 400 0 
25 14
404 275 0 411 278 0 418 285 0 423 294 0 428 303 0 434 311 0 440 319 0 442 331 0 444 343 0 442 355 0 440 367 0 436 377 0 432 387 0 429 395 0 
26 4
429 395 0 417 409 0 408 410 0 400 421 0 
27 2
18 116 0 -2 117 0 
28 8
96 68 0 82 65 0 65 60 0 58 68 0 37 80 0 30 99 0 32 108 0 18 116 0 
29 12
18 116 0 15 123 0 15 129 0 15 133 0 19 135 0 21 139 0 20 144 0 24 146 0 29 147 0 35 147 0 40 148 0 47 157 0 
IfSplit
18
1 1 1 1 1 1 1 1 1 1 1 1 1 1 1 1 1 1 
jpt
18
72 298 0 172 225 0 144 431 0 216 433 0 316 419 0 400 421 0 47 157 0 117 86 0 350 492 0 378 496 0 161 491 0 195 496 0 180 542 0 324 551 0 96 68 0 404 275 0 429 395 0 18 116 0 
Seqid
18
1 206 1502 1118 963 531 464 199 326 106 300 86 60 118 29 289 185 161 
splineid
18
0 3
0 1 5 
1 3
0 7 23 
2 3
1 2 11 
3 3
2 3 13 
4 3
3 4 8 
5 3
4 10 26 
6 3
5 6 29 
7 3
6 7 21 
8 3
8 9 19 
9 3
9 10 18 
10 3
11 12 16 
11 3
12 13 15 
12 3
14 15 16 
13 3
17 18 19 
14 3
20 21 28 
15 3
22 23 25 
16 3
24 25 26 
17 3
27 28 29 
