CircularSet
9
0 0 0 0 0 0 0 0 0 
ParaSet
9
0.05 0.05 0.05 0.05 0.05 0.05 0.05 0.05 0.05 
SeqSet
9
0 111
214 181 214 182 214 183 214 184 215 184 215 185 216 185 216 186 216 187 217 187 217 188 217 189 218 189 218 190 218 191 218 192 217 192 217 193 216 193 215 193 214 193 213 193 212 193 211 193 210 193 210 194 210 195 210 195 210 194 210 193 209 193 208 193 207 193 206 193 205 193 204 193 203 193 202 193 201 193 200 193 199 193 199 192 198 192 197 192 196 192 196 191 195 191 194 191 193 191 192 191 191 191 191 190 190 190 189 190 188 190 187 190 186 190 185 190 184 190 184 191 183 191 182 191 181 191 180 191 180 192 180 193 180 194 180 193 180 192 180 191 180 190 180 189 179 189 179 188 178 188 177 188 176 188 175 188 174 188 173 188 172 188 171 188 170 188 169 188 168 188 167 188 166 188 165 188 165 187 165 186 165 185 165 184 165 183 165 182 164 182 163 182 162 182 162 181 161 181 160 181 160 180 159 180 159 179 159 178 159 177 159 176 159 175 158 175 157 175 156 175 155 174 
1 77
212 182 211 182 211 181 210 181 210 180 209 180 209 179 208 179 208 178 207 178 206 178 206 177 205 177 204 177 204 176 203 176 202 176 202 175 201 175 200 175 200 174 199 174 198 174 197 174 197 173 196 173 195 173 194 173 193 173 192 173 192 172 191 172 190 172 189 172 188 172 187 172 186 172 185 172 184 172 184 171 184 170 184 171 183 171 182 171 182 172 181 172 180 172 179 172 178 172 177 172 176 172 176 173 175 173 174 173 173 173 173 174 172 174 171 174 170 174 170 175 169 175 168 175 168 176 167 176 166 176 165 176 164 176 163 176 162 176 161 176 160 176 159 176 159 175 159 174 158 174 157 174 156 174 
2 35
237 183 236 183 236 182 235 182 235 181 234 181 233 181 232 181 231 181 230 181 229 181 229 180 229 181 228 181 227 181 226 181 225 181 224 181 223 181 222 181 221 181 221 182 221 183 220 183 220 184 219 184 218 184 217 184 216 184 215 184 214 184 214 183 213 183 212 183 212 182 
3 41
258 166 258 167 258 168 258 169 257 169 257 170 256 170 255 170 255 171 255 172 254 172 254 173 253 173 253 174 252 174 252 175 252 176 251 176 251 177 251 178 250 178 250 179 250 180 250 181 250 182 250 183 249 183 249 184 248 184 247 184 246 184 245 184 244 184 243 184 242 184 241 184 240 184 239 184 238 184 238 183 237 183 
4 82
258 166 260 167 260 168 259 168 259 169 259 170 259 171 259 172 259 173 260 173 261 173 261 174 261 175 261 176 261 177 261 178 261 179 261 180 261 181 261 182 261 183 262 183 261 183 261 184 261 185 261 186 261 187 261 188 261 189 261 190 260 190 259 190 259 191 259 192 259 193 259 194 259 195 258 195 258 196 257 196 257 197 257 198 256 198 256 199 255 199 255 200 255 201 255 202 255 203 255 204 255 205 255 206 255 207 255 208 255 209 255 210 255 211 255 212 255 213 255 214 255 215 255 216 255 217 255 218 255 219 255 220 255 221 255 222 255 223 255 224 255 225 256 225 257 225 258 225 259 225 260 225 260 225 260 226 259 226 258 226 258 227 257 227 
5 271
257 227 258 227 258 228 258 229 258 230 258 231 258 232 258 233 258 234 258 235 258 236 258 237 258 238 259 238 260 238 259 238 258 238 258 239 257 239 257 240 257 241 257 242 257 243 257 244 257 245 257 246 257 247 257 248 257 249 257 250 257 251 257 252 257 253 258 253 259 253 260 253 260 254 260 255 259 255 258 255 257 255 256 255 255 255 255 256 254 256 253 256 253 257 253 258 253 259 253 260 253 261 253 262 253 263 253 264 254 264 255 264 256 264 256 265 257 265 257 266 258 266 258 267 259 267 259 268 259 269 259 270 259 271 260 271 260 272 260 273 260 274 260 275 260 276 261 276 260 276 260 277 259 277 259 278 258 278 257 278 257 279 256 279 256 280 255 280 254 280 253 280 252 280 251 280 250 280 249 280 248 280 247 280 246 280 245 280 244 280 243 280 243 279 242 279 242 278 241 278 241 277 240 277 239 277 238 277 237 277 236 277 235 277 235 276 234 276 233 276 232 276 232 275 232 274 232 273 231 273 230 273 230 272 230 271 229 271 228 271 227 271 226 271 225 271 224 271 223 271 222 271 222 270 222 269 222 268 222 267 222 266 221 266 220 266 219 266 218 266 217 266 216 266 215 266 214 266 213 266 212 266 211 266 210 266 209 266 208 266 207 266 206 266 206 265 205 265 204 265 204 264 204 263 204 262 204 261 204 260 204 259 204 258 204 257 205 257 205 256 205 255 205 254 205 253 206 253 207 253 207 252 208 252 208 251 208 250 208 249 208 248 209 248 209 247 209 246 210 246 210 245 210 244 210 243 211 243 212 243 213 243 213 242 213 241 214 241 215 241 216 241 216 240 217 240 217 239 217 238 218 238 218 237 218 236 219 236 219 235 219 234 219 233 219 232 219 231 219 230 220 230 220 229 220 228 221 228 222 228 223 228 223 227 224 227 225 227 226 227 227 227 228 227 229 227 230 227 231 227 231 226 232 226 232 225 232 224 232 223 232 222 232 221 232 220 232 219 232 218 232 217 232 216 232 215 232 214 232 213 232 212 232 211 232 210 233 210 234 210 235 210 236 210 237 210 237 209 237 208 237 207 237 206 238 206 238 205 238 204 238 203 238 202 238 201 238 200 239 200 239 199 239 198 239 197 240 197 240 196 240 195 240 194 240 193 240 192 240 191 240 190 240 189 240 188 240 187 240 186 240 185 240 184 239 184 238 184 237 184 237 183 
6 79
316 237 316 237 316 238 316 239 316 240 315 240 314 240 313 240 312 240 311 240 310 240 309 240 308 240 308 239 307 239 306 239 305 239 304 239 303 239 302 239 301 239 300 239 299 239 298 239 298 238 298 237 297 237 296 237 295 237 294 237 294 236 294 235 293 235 293 234 292 234 291 234 290 234 289 234 289 234 288 234 288 233 287 233 287 232 286 232 285 232 284 232 283 232 282 232 281 232 280 232 280 231 279 231 278 231 277 231 277 230 277 229 277 228 277 227 277 226 276 226 275 226 274 226 273 226 272 226 271 226 270 226 269 226 268 226 267 226 266 226 265 226 264 226 263 226 262 226 261 226 260 226 259 226 258 226 257 227 
7 661
155 174 154 174 153 174 152 174 151 174 150 174 150 173 150 174 149 174 149 175 149 176 148 176 148 177 147 177 146 177 146 178 145 178 144 178 143 178 142 178 141 178 140 178 139 178 138 178 137 178 136 178 136 177 136 176 136 175 136 174 136 173 135 173 134 173 133 173 133 172 133 171 133 170 133 169 133 170 133 171 133 172 132 172 132 173 131 173 130 173 130 174 130 175 129 175 129 176 129 177 128 177 127 177 127 178 127 179 126 179 126 180 126 181 125 181 124 181 123 181 122 181 121 181 120 181 119 181 118 181 117 181 116 181 115 181 115 182 115 183 115 184 115 185 115 186 115 187 114 187 114 188 113 188 112 188 112 189 111 189 111 190 110 190 110 191 110 192 110 193 110 194 109 194 109 195 109 196 109 197 109 198 109 199 109 200 109 201 108 201 108 202 108 203 108 204 108 205 107 205 107 206 107 207 107 208 107 209 107 210 107 211 107 212 106 212 106 213 106 214 106 215 106 216 106 217 105 217 105 218 105 219 105 220 105 221 105 222 105 223 105 224 105 225 105 226 105 227 105 228 105 229 105 230 105 231 105 232 105 233 105 234 105 235 105 236 105 237 105 238 105 239 105 240 105 241 105 242 105 243 106 243 106 244 106 245 106 246 106 247 106 248 106 249 107 249 107 250 107 251 107 252 107 253 108 253 108 254 108 255 108 256 109 256 109 257 109 258 109 259 109 260 110 260 110 261 110 262 110 263 110 264 110 265 110 266 111 266 111 267 112 267 112 268 112 269 113 269 113 270 114 270 114 271 114 272 114 273 115 273 115 274 115 275 115 276 115 277 115 278 115 279 115 280 115 281 116 281 116 282 116 283 117 283 117 284 117 285 118 285 118 286 118 287 118 288 118 289 118 290 118 291 118 292 118 293 119 293 119 294 119 295 119 296 119 297 119 298 119 299 119 300 119 301 119 302 120 302 120 303 120 304 120 305 121 305 121 306 122 306 122 307 122 308 122 309 122 310 122 311 122 312 122 313 122 314 122 315 122 316 122 317 122 318 122 319 121 319 121 320 121 321 120 321 120 322 120 323 120 324 120 325 120 326 120 327 120 328 121 328 121 329 121 330 122 330 122 331 122 332 122 333 123 333 123 334 123 335 123 336 124 336 124 337 124 338 125 338 125 339 125 340 126 340 126 341 126 342 127 342 127 343 128 343 128 344 128 345 129 345 129 346 130 346 130 347 130 348 131 348 131 349 132 349 132 350 132 351 133 351 133 352 133 353 134 353 134 354 135 354 135 355 135 356 136 356 136 357 137 357 137 358 138 358 138 359 139 359 139 360 139 361 140 361 140 362 141 362 141 363 142 363 142 364 142 365 143 365 143 366 144 366 144 367 145 367 145 368 146 368 146 369 147 369 147 370 148 370 148 371 149 371 149 372 150 372 150 373 151 373 152 373 152 374 153 374 153 375 154 375 154 376 155 376 155 377 156 377 157 377 157 378 158 378 158 379 159 379 159 380 160 380 160 381 161 381 162 381 162 382 163 382 163 383 164 383 164 384 165 384 166 384 166 385 167 385 168 385 168 386 169 386 169 387 170 387 171 387 171 388 172 388 173 388 173 389 174 389 175 389 176 389 176 390 177 390 178 390 179 390 179 391 180 391 181 391 182 391 182 392 183 392 184 392 185 392 186 392 187 392 188 392 189 392 189 393 190 393 191 393 192 393 193 393 194 393 195 393 196 393 197 393 198 393 199 393 200 393 201 393 201 392 202 392 203 392 204 392 205 392 206 392 206 391 207 391 208 391 208 390 209 390 210 390 210 389 211 389 212 389 213 389 214 389 215 389 215 388 216 388 217 388 218 388 218 387 219 387 219 386 220 386 220 385 220 384 220 383 221 383 222 383 223 383 223 382 224 382 225 382 225 381 225 380 225 379 225 378 226 378 227 378 228 378 228 377 229 377 229 376 230 376 230 375 230 374 231 374 232 374 232 373 233 373 234 373 234 372 235 372 235 371 235 370 236 370 236 369 237 369 237 368 237 367 238 367 238 366 239 366 239 365 240 365 240 364 240 363 241 363 241 362 242 362 242 361 243 361 243 360 244 360 244 359 245 359 245 358 246 358 247 358 248 358 249 358 249 357 249 356 249 355 249 354 250 354 250 353 250 352 251 352 251 351 252 351 252 350 252 349 253 349 253 348 254 348 254 347 255 347 255 346 255 345 256 345 256 344 257 344 257 343 257 342 258 342 258 341 259 341 259 340 260 340 260 339 260 338 261 338 261 337 262 337 262 336 263 336 263 335 264 335 264 334 264 333 265 333 265 332 266 332 266 331 267 331 267 330 268 330 268 329 269 329 269 328 269 327 270 327 270 326 271 326 271 325 272 325 272 324 273 324 273 323 274 323 274 322 275 322 275 321 276 321 276 320 276 319 277 319 277 318 278 318 278 317 279 317 279 316 280 316 280 315 281 315 281 314 282 314 282 313 283 313 283 312 283 311 284 311 284 310 285 310 285 309 285 308 286 308 286 307 287 307 287 306 288 306 288 305 288 304 289 304 289 303 290 303 290 302 291 302 291 301 291 300 292 300 292 299 292 298 293 298 293 297 294 297 294 296 295 296 295 295 295 294 296 294 296 293 297 293 297 292 298 292 298 291 298 290 299 290 299 289 299 288 300 288 300 287 300 286 301 286 301 285 302 285 302 284 302 283 303 283 303 282 303 281 304 281 304 280 304 279 305 279 305 278 305 277 306 277 306 276 306 275 307 275 307 274 307 273 307 272 308 272 308 271 308 270 309 270 309 269 309 268 309 267 310 267 310 266 310 265 310 264 311 264 311 263 311 262 312 262 312 261 312 260 312 259 313 259 313 258 313 257 313 256 313 255 314 255 314 254 314 253 314 252 314 251 314 250 315 250 315 249 315 248 315 247 315 246 315 245 315 244 315 243 315 242 315 241 315 240 316 240 316 239 316 238 316 237 
8 230
316 237 316 236 316 235 316 234 316 233 316 232 316 231 316 230 316 229 316 228 316 227 316 226 316 225 316 224 316 223 316 222 316 221 316 220 316 219 316 218 316 217 316 216 316 215 316 214 316 213 316 212 316 211 316 210 316 209 316 208 316 207 316 206 316 205 316 204 316 203 316 202 315 202 315 201 315 200 314 200 313 200 313 199 312 199 311 199 311 198 310 198 310 197 309 197 309 196 308 196 307 196 307 195 306 195 305 195 305 194 304 194 304 193 304 192 304 191 303 191 303 190 303 189 302 189 302 188 302 187 302 186 301 186 300 186 300 185 299 185 299 184 298 184 297 184 296 184 295 184 295 183 295 182 294 182 294 181 293 181 293 180 292 180 292 179 292 178 292 177 292 176 291 176 290 176 289 176 288 176 287 176 287 175 286 175 285 175 285 174 285 173 285 172 285 171 285 170 285 169 284 169 284 168 284 167 284 166 284 165 285 165 286 165 287 165 288 165 289 165 289 164 290 164 290 163 290 162 290 161 290 160 290 159 290 158 290 157 290 156 290 155 289 155 289 154 289 153 289 152 289 151 289 150 289 149 289 148 289 147 289 146 289 145 289 144 289 143 289 142 289 141 289 140 288 140 288 139 288 138 288 137 288 136 287 136 287 135 287 134 287 133 287 132 286 132 286 131 286 130 285 130 284 130 283 130 282 130 281 130 280 130 280 129 279 129 279 128 279 127 278 127 278 126 278 125 278 124 277 124 277 123 276 123 275 123 275 122 275 123 274 123 274 124 274 125 274 126 274 127 274 128 274 129 274 130 274 131 274 132 274 133 274 134 273 134 273 135 273 136 273 137 272 137 272 138 272 139 272 140 272 141 271 141 271 142 271 143 271 144 271 145 270 145 270 146 270 147 269 147 269 148 269 149 269 150 269 151 269 152 268 152 268 153 267 153 267 154 267 155 267 156 266 156 265 156 264 156 264 157 264 158 264 159 263 159 262 159 262 160 261 160 261 161 261 162 261 163 260 163 260 164 259 164 259 165 258 165 258 166 
CtrlSeqSet
9
0 22
214 181 0 215 185 0 217 188 0 218 192 0 214 193 0 210 194 0 209 193 0 204 193 0 199 193 0 196 191 0 191 191 0 187 190 0 183 191 0 180 193 0 180 190 0 177 188 0 172 188 0 167 188 0 165 185 0 163 182 0 160 180 0 155 174 0 
1 24
212 182 0 210 181 0 209 179 0 207 178 0 205 177 0 203 176 0 201 175 0 199 174 0 197 173 0 194 173 0 192 172 0 189 172 0 186 172 0 184 171 0 183 171 0 181 172 0 178 172 0 176 173 0 173 173 0 171 174 0 169 175 0 167 176 0 164 176 0 156 174 0 
2 26
237 183 0 236 183 0 236 182 0 235 182 0 235 181 0 234 181 0 233 181 0 232 181 0 231 181 0 230 181 0 229 181 0 229 180 0 229 181 0 228 181 0 227 181 0 226 181 0 225 181 0 224 181 0 223 181 0 222 181 0 221 181 0 221 182 0 221 183 0 220 183 0 220 184 0 212 182 0 
3 17
258 166 0 258 168 0 257 169 0 256 170 0 255 171 0 254 172 0 253 173 0 252 174 0 252 176 0 251 177 0 250 178 0 250 180 0 250 182 0 249 183 0 248 184 0 246 184 0 237 183 0 
4 19
258 166 0 259 169 0 259 173 0 261 175 0 261 179 0 261 183 0 261 185 0 261 189 0 259 191 0 259 195 0 257 197 0 255 199 0 255 203 0 255 207 0 255 211 0 255 215 0 255 219 0 255 223 0 257 227 0 
5 22
257 227 0 259 238 0 257 247 0 258 255 0 253 263 0 259 270 0 258 278 0 247 280 0 237 277 0 230 271 0 222 266 0 209 266 0 204 258 0 208 249 0 213 241 0 219 234 0 225 227 0 232 221 0 234 210 0 238 201 0 240 190 0 237 183 0 
6 24
316 236 0 316 239 0 314 240 0 311 240 0 308 240 0 306 239 0 303 239 0 300 239 0 298 238 0 296 237 0 294 236 0 293 234 0 290 234 0 288 234 0 287 232 0 284 232 0 281 232 0 279 231 0 277 230 0 277 227 0 275 226 0 272 226 0 269 226 0 257 227 0 
7 21
155 174 0 133 173 0 116 181 0 107 205 0 105 236 0 110 264 0 118 289 0 122 318 0 127 342 0 140 362 0 157 378 0 178 390 0 206 391 0 226 378 0 242 361 0 257 343 0 272 325 0 287 307 0 300 287 0 310 264 0 316 237 0 
8 21
316 237 0 316 226 0 316 215 0 316 204 0 311 198 0 304 194 0 301 186 0 294 182 0 289 176 0 285 169 0 289 164 0 289 155 0 289 144 0 287 135 0 281 130 0 277 123 0 274 129 0 272 138 0 270 147 0 267 155 0 258 166 0 
IfSplit
7
1 1 1 1 1 1 0 
jpt
7
155 174 0 212 182 0 237 183 0 258 166 0 257 227 0 316 237 0 119 296 0 
Seqid
7
973 896 929 889 81 660 206 
splineid
7
0 3
0 1 7 
1 3
0 1 2 
2 3
2 3 5 
3 3
3 4 8 
4 3
4 5 6 
5 3
6 7 8 
6 1
7 
